Date:	9/24/2020
Time:	2:38 PM
Summary Notes:	




Data Timestamp        	q	V_ref	Alpha	NF/SF	AF/AF2	PM/YM	P	Orientation	Notes 
[yyyymmdd hh:mm:ss.sss]	[psf]	[mph]	[deg]	[lbf]	[lbf]	[in-lbf]	[inH2O]		
20200924 14:38:23.784  	0.434	13.03	-2.0	0.03	0.06	0.05	-0.078	Normal	
20200924 14:38:23.887  	0.433	13.02	-2.0	0.03	0.06	0.05	-0.078	Normal	
20200924 14:38:23.987  	0.433	13.02	-2.0	0.03	0.06	0.05	-0.078	Normal	
20200924 14:38:24.088  	0.435	13.05	-2.0	0.03	0.06	0.05	-0.078	Normal	
20200924 14:38:24.188  	0.435	13.05	-2.0	0.03	0.06	0.05	-0.078	Normal	
20200924 14:38:24.289  	0.437	13.08	-2.0	0.03	0.06	0.04	-0.078	Normal	
20200924 14:38:24.390  	0.440	13.13	-2.0	0.03	0.06	0.04	-0.078	Normal	
20200924 14:38:24.521  	0.446	13.21	-2.0	0.03	0.06	0.04	-0.078	Normal	
20200924 14:38:24.654  	0.446	13.20	-2.0	0.03	0.05	0.04	-0.077	Normal	
20200924 14:38:24.754  	0.444	13.18	-2.0	0.03	0.05	0.04	-0.077	Normal	
20200924 14:38:24.854  	0.444	13.18	-2.0	0.03	0.05	0.04	-0.077	Normal	
20200924 14:38:24.986  	0.443	13.16	-2.0	0.03	0.05	0.05	-0.077	Normal	
20200924 14:38:25.119  	0.436	13.06	-2.0	0.03	0.05	0.05	-0.078	Normal	
20200924 14:38:25.218  	0.436	13.06	-2.0	0.03	0.05	0.05	-0.078	Normal	
20200924 14:38:25.321  	0.440	13.12	-2.0	0.03	0.05	0.05	-0.078	Normal	
20200924 14:38:25.421  	0.445	13.19	-2.0	0.03	0.05	0.05	-0.078	Normal	
20200924 14:38:25.523  	0.455	13.34	-2.0	0.03	0.05	0.05	-0.078	Normal	
20200924 14:38:25.624  	0.470	13.56	-2.0	0.03	0.05	0.04	-0.078	Normal	
20200924 14:38:25.723  	0.488	13.81	-2.0	0.03	0.05	0.04	-0.077	Normal	
20200924 14:38:25.853  	0.507	14.09	-2.0	0.03	0.05	0.04	-0.077	Normal	
20200924 14:38:25.953  	0.521	14.28	-2.0	0.03	0.05	0.04	-0.077	Normal	
20200924 14:38:26.054  	0.537	14.49	-2.0	0.03	0.05	0.04	-0.077	Normal	
20200924 14:38:26.185  	0.557	14.76	-2.0	0.03	0.05	0.04	-0.077	Normal	
20200924 14:38:26.316  	0.574	14.98	-2.0	0.03	0.05	0.05	-0.078	Normal	
20200924 14:38:26.417  	0.588	15.16	-2.0	0.03	0.05	0.05	-0.078	Normal	
20200924 14:38:26.517  	0.609	15.43	-2.0	0.03	0.05	0.05	-0.078	Normal	
20200924 14:38:26.647  	0.647	15.91	-2.0	0.03	0.05	0.05	-0.078	Normal	
20200924 14:38:26.781  	0.684	16.36	-2.0	0.03	0.04	0.05	-0.078	Normal	
20200924 14:38:26.913  	0.730	16.90	-2.0	0.03	0.04	0.05	-0.077	Normal	
20200924 14:38:27.013  	0.765	17.30	-2.0	0.03	0.04	0.04	-0.077	Normal	
20200924 14:38:27.146  	0.815	17.85	-2.0	0.03	0.04	0.04	-0.076	Normal	
20200924 14:38:27.245  	0.852	18.26	-2.0	0.03	0.04	0.04	-0.076	Normal	
20200924 14:38:27.377  	0.902	18.78	-2.0	0.03	0.04	0.04	-0.075	Normal	
20200924 14:38:27.475  	0.938	19.16	-2.0	0.03	0.04	0.04	-0.075	Normal	
20200924 14:38:27.608  	0.986	19.64	-2.0	0.03	0.05	0.04	-0.075	Normal	
20200924 14:38:27.736  	1.027	20.04	-2.0	0.03	0.05	0.04	-0.075	Normal	
20200924 14:38:27.869  	1.067	20.42	-2.0	0.03	0.05	0.04	-0.075	Normal	
20200924 14:38:27.969  	1.095	20.69	-2.0	0.03	0.05	0.04	-0.076	Normal	
20200924 14:38:28.070  	1.124	20.97	-2.0	0.03	0.05	0.05	-0.076	Normal	
20200924 14:38:28.169  	1.157	21.28	-2.0	0.03	0.05	0.05	-0.077	Normal	
20200924 14:38:28.270  	1.190	21.57	-2.0	0.03	0.05	0.05	-0.077	Normal	
20200924 14:38:28.370  	1.232	21.95	-2.0	0.03	0.05	0.05	-0.077	Normal	
20200924 14:38:28.474  	1.281	22.39	-2.0	0.04	0.05	0.05	-0.077	Normal	
20200924 14:38:28.605  	1.349	22.97	-2.0	0.03	0.05	0.05	-0.077	Normal	
20200924 14:38:28.736  	1.407	23.46	-2.0	0.04	0.05	0.05	-0.077	Normal	
20200924 14:38:28.837  	1.453	23.84	-2.0	0.04	0.05	0.05	-0.077	Normal	
20200924 14:38:28.937  	1.499	24.21	-2.0	0.03	0.05	0.05	-0.077	Normal	
20200924 14:38:29.038  	1.543	24.57	-2.0	0.04	0.05	0.05	-0.077	Normal	
20200924 14:38:29.171  	1.604	25.04	-2.0	0.04	0.05	0.05	-0.077	Normal	
20200924 14:38:29.305  	1.668	25.54	-2.0	0.04	0.05	0.05	-0.077	Normal	
20200924 14:38:29.404  	1.721	25.94	-2.0	0.04	0.06	0.05	-0.077	Normal	
20200924 14:38:29.505  	1.770	26.31	-2.0	0.03	0.06	0.05	-0.077	Normal	
20200924 14:38:29.605  	1.824	26.71	-2.0	0.03	0.06	0.05	-0.077	Normal	
20200924 14:38:29.706  	1.880	27.12	-2.0	0.03	0.06	0.05	-0.076	Normal	
20200924 14:38:29.838  	1.940	27.55	-2.0	0.03	0.06	0.05	-0.076	Normal	
20200924 14:38:29.970  	1.989	27.89	-2.0	0.03	0.06	0.05	-0.076	Normal	
20200924 14:38:30.070  	2.028	28.17	-2.0	0.03	0.06	0.05	-0.077	Normal	
20200924 14:38:30.170  	2.076	28.50	-2.0	0.03	0.06	0.05	-0.077	Normal	
20200924 14:38:30.272  	2.129	28.86	-2.0	0.03	0.07	0.05	-0.077	Normal	
20200924 14:38:30.404  	2.194	29.29	-2.0	0.03	0.07	0.05	-0.077	Normal	
20200924 14:38:30.536  	2.267	29.78	-2.0	0.03	0.07	0.05	-0.077	Normal	
20200924 14:38:30.637  	2.337	30.23	-2.0	0.03	0.07	0.05	-0.077	Normal	
20200924 14:38:30.736  	2.406	30.68	-2.0	0.03	0.07	0.05	-0.077	Normal	
20200924 14:38:30.869  	2.477	31.12	-2.0	0.03	0.07	0.05	-0.077	Normal	
20200924 14:38:30.971  	2.531	31.46	-2.0	0.03	0.07	0.05	-0.077	Normal	
20200924 14:38:31.072  	2.591	31.83	-2.0	0.03	0.07	0.05	-0.077	Normal	
20200924 14:38:31.203  	2.677	32.36	-2.0	0.03	0.07	0.05	-0.077	Normal	
20200924 14:38:31.302  	2.736	32.71	-2.0	0.03	0.07	0.05	-0.077	Normal	
20200924 14:38:31.404  	2.798	33.08	-2.0	0.03	0.07	0.05	-0.077	Normal	
20200924 14:38:31.504  	2.868	33.49	-2.0	0.03	0.07	0.04	-0.077	Normal	
20200924 14:38:31.605  	2.937	33.89	-2.0	0.03	0.07	0.05	-0.077	Normal	
20200924 14:38:31.736  	3.024	34.39	-2.0	0.03	0.07	0.05	-0.077	Normal	
20200924 14:38:31.838  	3.091	34.77	-2.0	0.03	0.07	0.04	-0.076	Normal	
20200924 14:38:31.940  	3.152	35.11	-2.0	0.03	0.07	0.04	-0.076	Normal	
20200924 14:38:32.040  	3.218	35.48	-2.0	0.03	0.07	0.04	-0.076	Normal	
20200924 14:38:32.170  	3.308	35.97	-2.0	0.03	0.07	0.04	-0.076	Normal	
20200924 14:38:32.269  	3.376	36.34	-2.0	0.03	0.07	0.04	-0.076	Normal	
20200924 14:38:32.372  	3.449	36.73	-2.0	0.03	0.07	0.04	-0.076	Normal	
20200924 14:38:32.504  	3.551	37.27	-2.0	0.03	0.07	0.04	-0.076	Normal	
20200924 14:38:32.604  	3.637	37.72	-2.0	0.03	0.07	0.04	-0.076	Normal	
20200924 14:38:32.704  	3.721	38.15	-2.0	0.03	0.07	0.05	-0.077	Normal	
20200924 14:38:32.803  	3.811	38.61	-2.0	0.03	0.07	0.05	-0.077	Normal	
20200924 14:38:32.905  	3.910	39.11	-2.0	0.03	0.07	0.05	-0.077	Normal	
20200924 14:38:33.004  	4.010	39.60	-2.0	0.03	0.07	0.05	-0.076	Normal	
20200924 14:38:33.106  	4.103	40.06	-2.0	0.03	0.07	0.05	-0.076	Normal	
20200924 14:38:33.239  	4.220	40.63	-2.0	0.03	0.07	0.04	-0.076	Normal	
20200924 14:38:33.338  	4.313	41.07	-2.0	0.03	0.07	0.04	-0.076	Normal	
20200924 14:38:33.471  	4.424	41.60	-2.0	0.03	0.07	0.04	-0.075	Normal	
20200924 14:38:33.572  	4.513	42.01	-2.0	0.03	0.07	0.04	-0.075	Normal	
20200924 14:38:33.704  	4.620	42.51	-2.0	0.03	0.07	0.04	-0.076	Normal	
20200924 14:38:33.804  	4.697	42.86	-2.0	0.03	0.07	0.04	-0.076	Normal	
20200924 14:38:33.904  	4.785	43.26	-2.0	0.03	0.07	0.04	-0.076	Normal	
20200924 14:38:34.007  	4.884	43.71	-2.0	0.03	0.07	0.04	-0.076	Normal	
20200924 14:38:34.136  	5.005	44.25	-2.0	0.03	0.07	0.04	-0.076	Normal	
20200924 14:38:34.238  	5.073	44.54	-2.0	0.03	0.07	0.04	-0.076	Normal	
20200924 14:38:34.370  	5.174	44.99	-2.0	0.03	0.07	0.04	-0.076	Normal	
20200924 14:38:34.470  	5.250	45.32	-2.0	0.03	0.07	0.04	-0.076	Normal	
20200924 14:38:34.570  	5.316	45.60	-2.0	0.03	0.07	0.04	-0.076	Normal	
20200924 14:38:34.670  	5.374	45.85	-2.0	0.03	0.07	0.04	-0.076	Normal	
20200924 14:38:34.801  	5.460	46.22	-2.0	0.03	0.08	0.05	-0.077	Normal	
20200924 14:38:34.902  	5.542	46.56	-2.0	0.03	0.08	0.05	-0.077	Normal	
20200924 14:38:35.001  	5.612	46.85	-2.0	0.03	0.08	0.05	-0.077	Normal	
20200924 14:38:35.103  	5.719	47.30	-2.0	0.03	0.08	0.04	-0.077	Normal	
20200924 14:38:35.204  	5.828	47.74	-2.0	0.03	0.09	0.04	-0.077	Normal	
20200924 14:38:35.305  	5.945	48.22	-2.0	0.03	0.09	0.04	-0.077	Normal	
20200924 14:38:35.438  	6.108	48.88	-2.0	0.03	0.09	0.04	-0.076	Normal	
20200924 14:38:35.569  	6.265	49.50	-2.0	0.03	0.10	0.04	-0.076	Normal	
20200924 14:38:35.670  	6.396	50.02	-2.0	0.03	0.11	0.04	-0.076	Normal	
20200924 14:38:35.803  	6.546	50.60	-2.0	0.03	0.12	0.04	-0.076	Normal	
20200924 14:38:35.903  	6.656	51.02	-2.0	0.03	0.13	0.04	-0.076	Normal	
20200924 14:38:36.005  	6.770	51.46	-2.0	0.03	0.13	0.04	-0.076	Normal	
20200924 14:38:36.104  	6.886	51.90	-2.0	0.03	0.13	0.04	-0.076	Normal	
20200924 14:38:36.237  	7.051	52.52	-2.0	0.03	0.14	0.04	-0.076	Normal	
20200924 14:38:36.339  	7.171	52.96	-2.0	0.04	0.19	0.05	-0.076	Normal	
20200924 14:38:36.470  	7.325	53.53	-2.0	0.05	0.20	0.06	-0.076	Normal	
20200924 14:38:36.571  	7.439	53.94	-2.0	0.06	0.20	0.07	-0.076	Normal	
20200924 14:38:36.671  	7.540	54.31	-2.0	0.06	0.20	0.08	-0.076	Normal	
20200924 14:38:36.772  	7.655	54.72	-2.0	0.06	0.20	0.08	-0.076	Normal	
20200924 14:38:36.904  	7.807	55.26	-2.0	0.06	0.21	0.07	-0.076	Normal	
20200924 14:38:37.037  	7.970	55.83	-2.0	0.06	0.21	0.08	-0.076	Normal	
20200924 14:38:37.170  	8.124	56.37	-2.0	0.06	0.22	0.08	-0.075	Normal	
20200924 14:38:37.269  	8.269	56.87	-2.0	0.06	0.22	0.08	-0.075	Normal	
20200924 14:38:37.369  	8.398	57.31	-2.0	0.07	0.22	0.08	-0.075	Normal	
20200924 14:38:37.502  	8.571	57.90	-2.0	0.07	0.22	0.09	-0.076	Normal	
20200924 14:38:37.603  	8.673	58.24	-2.0	0.07	0.22	0.09	-0.076	Normal	
20200924 14:38:37.703  	8.763	58.54	-2.0	0.06	0.22	0.08	-0.076	Normal	
20200924 14:38:37.836  	8.875	58.92	-2.0	0.06	0.22	0.08	-0.076	Normal	
20200924 14:38:37.936  	8.945	59.15	-2.0	0.06	0.22	0.08	-0.076	Normal	
20200924 14:38:38.036  	9.024	59.41	-2.0	0.06	0.22	0.08	-0.076	Normal	
20200924 14:38:38.137  	9.102	59.67	-2.0	0.06	0.23	0.08	-0.076	Normal	
20200924 14:38:38.238  	9.211	60.02	-2.0	0.06	0.24	0.08	-0.076	Normal	
20200924 14:38:38.370  	9.346	60.46	-2.0	0.06	0.25	0.08	-0.076	Normal	
20200924 14:38:38.470  	9.483	60.90	-2.0	0.07	0.25	0.08	-0.076	Normal	
20200924 14:38:38.603  	9.653	61.45	-2.0	0.07	0.25	0.08	-0.076	Normal	
20200924 14:38:38.703  	9.782	61.86	-2.0	0.07	0.25	0.08	-0.076	Normal	
20200924 14:38:38.803  	9.926	62.31	-2.0	0.07	0.25	0.09	-0.076	Normal	
20200924 14:38:38.903  	10.099	62.85	-2.0	0.08	0.25	0.09	-0.076	Normal	
20200924 14:38:39.003  	10.273	63.39	-2.0	0.08	0.25	0.09	-0.076	Normal	
20200924 14:38:39.104  	10.444	63.91	-2.0	0.08	0.25	0.09	-0.076	Normal	
20200924 14:38:39.205  	10.619	64.45	-2.1	0.08	0.25	0.09	-0.076	Normal	
20200924 14:38:39.337  	10.842	65.12	-2.0	0.08	0.25	0.10	-0.076	Normal	
20200924 14:38:39.437  	10.988	65.56	-2.0	0.08	0.26	0.10	-0.076	Normal	
20200924 14:38:39.571  	11.178	66.12	-2.0	0.09	0.27	0.10	-0.076	Normal	
20200924 14:38:39.702  	11.364	66.67	-2.0	0.09	0.27	0.10	-0.075	Normal	
20200924 14:38:39.803  	11.547	67.20	-2.0	0.09	0.29	0.10	-0.075	Normal	
20200924 14:38:39.936  	11.749	67.79	-2.0	0.09	0.30	0.10	-0.075	Normal	
20200924 14:38:40.070  	11.960	68.40	-2.0	0.09	0.31	0.10	-0.076	Normal	
20200924 14:38:40.171  	12.092	68.77	-2.0	0.09	0.31	0.10	-0.076	Normal	
20200924 14:38:40.271  	12.209	69.10	-2.0	0.09	0.31	0.10	-0.076	Normal	
20200924 14:38:40.371  	12.315	69.41	-2.0	0.10	0.31	0.11	-0.076	Normal	
20200924 14:38:40.471  	12.374	69.57	-2.0	0.09	0.31	0.11	-0.076	Normal	
20200924 14:38:40.572  	12.443	69.77	-2.0	0.10	0.31	0.11	-0.076	Normal	
20200924 14:38:40.675  	12.472	69.84	-2.0	0.10	0.31	0.11	-0.076	Normal	
20200924 14:38:40.807  	12.556	70.08	-2.0	0.10	0.31	0.12	-0.077	Normal	
20200924 14:38:40.909  	12.598	70.20	-2.0	0.10	0.31	0.12	-0.078	Normal	
20200924 14:38:41.008  	12.631	70.29	-2.0	0.10	0.31	0.12	-0.078	Normal	
20200924 14:38:41.107  	12.678	70.42	-2.0	0.10	0.31	0.12	-0.078	Normal	
20200924 14:38:41.208  	12.734	70.57	-2.0	0.10	0.31	0.12	-0.079	Normal	
20200924 14:38:41.309  	12.787	70.72	-2.0	0.11	0.32	0.12	-0.079	Normal	
20200924 14:38:41.410  	12.838	70.86	-2.0	0.11	0.32	0.12	-0.079	Normal	
20200924 14:38:41.510  	12.877	70.97	-2.0	0.11	0.33	0.12	-0.079	Normal	
20200924 14:38:41.642  	12.902	71.04	-2.0	0.10	0.34	0.12	-0.079	Normal	
20200924 14:38:41.742  	12.912	71.07	-2.0	0.10	0.33	0.11	-0.079	Normal	
20200924 14:38:41.874  	12.898	71.03	-2.0	0.10	0.33	0.11	-0.079	Normal	
20200924 14:38:41.974  	12.883	70.99	-2.0	0.09	0.32	0.11	-0.079	Normal	
20200924 14:38:42.105  	12.844	70.88	-2.0	0.09	0.32	0.11	-0.078	Normal	
20200924 14:38:42.236  	12.777	70.69	-2.0	0.09	0.32	0.11	-0.078	Normal	
20200924 14:38:42.336  	12.745	70.61	-2.0	0.10	0.32	0.11	-0.077	Normal	
20200924 14:38:42.437  	12.699	70.48	-2.0	0.09	0.32	0.11	-0.077	Normal	
20200924 14:38:42.539  	12.671	70.40	-2.0	0.09	0.32	0.11	-0.077	Normal	
20200924 14:38:42.670  	12.645	70.33	-2.0	0.09	0.32	0.11	-0.077	Normal	
20200924 14:38:42.802  	12.612	70.24	-2.0	0.09	0.31	0.11	-0.076	Normal	
