Date:	9/24/2020
Time:	2:20 PM
Summary Notes:	




Data Timestamp        	q	V_ref	Alpha	NF/SF	AF/AF2	PM/YM	P	Orientation	Notes 
[yyyymmdd hh:mm:ss.sss]	[psf]	[mph]	[deg]	[lbf]	[lbf]	[in-lbf]	[inH2O]		
20200924 14:18:46.879  	25.704	100.27	-3.7	0.04	0.22	0.04	-0.029	Normal	
20200924 14:18:46.913  	25.716	100.29	-3.7	0.04	0.22	0.04	-0.030	Normal	
20200924 14:18:46.947  	25.705	100.27	-3.7	0.04	0.24	0.04	-0.030	Normal	
20200924 14:18:46.981  	25.706	100.27	-3.7	0.04	0.24	0.04	-0.030	Normal	
20200924 14:18:47.013  	25.670	100.20	-3.7	0.04	0.24	0.04	-0.030	Normal	
20200924 14:18:47.045  	25.681	100.22	-3.7	0.04	0.24	0.04	-0.030	Normal	
20200924 14:18:47.079  	25.662	100.19	-3.7	0.04	0.22	0.04	-0.029	Normal	
20200924 14:18:47.111  	25.691	100.24	-3.7	0.04	0.22	0.04	-0.029	Normal	
20200924 14:18:47.144  	25.664	100.19	-3.7	0.04	0.21	0.04	-0.029	Normal	
20200924 14:18:47.178  	25.664	100.19	-3.7	0.04	0.21	0.04	-0.029	Normal	
20200924 14:18:54.029  	26.042	100.93	-2.0	0.04	0.38	0.04	-0.030	Normal	
20200924 14:18:54.063  	25.977	100.80	-2.0	0.04	0.39	0.04	-0.030	Normal	
20200924 14:18:54.097  	25.959	100.77	-2.0	0.04	0.40	0.04	-0.030	Normal	
20200924 14:18:54.130  	25.915	100.68	-2.0	0.04	0.40	0.04	-0.030	Normal	
20200924 14:18:54.163  	25.844	100.54	-2.0	0.04	0.40	0.04	-0.030	Normal	
20200924 14:18:54.197  	25.803	100.46	-2.0	0.04	0.40	0.04	-0.030	Normal	
20200924 14:18:54.230  	25.808	100.47	-2.0	0.04	0.40	0.04	-0.030	Normal	
20200924 14:18:54.263  	25.784	100.43	-2.0	0.04	0.39	0.04	-0.030	Normal	
20200924 14:18:54.297  	25.756	100.37	-2.0	0.04	0.39	0.04	-0.030	Normal	
20200924 14:18:54.330  	25.737	100.33	-2.0	0.04	0.39	0.04	-0.030	Normal	
20200924 14:18:57.995  	25.582	100.03	0.2	0.06	0.48	0.04	-0.031	Normal	
20200924 14:18:58.029  	25.608	100.08	0.2	0.06	0.48	0.05	-0.031	Normal	
20200924 14:18:58.064  	25.619	100.10	0.2	0.06	0.48	0.05	-0.031	Normal	
20200924 14:18:58.096  	25.661	100.19	0.2	0.06	0.48	0.05	-0.031	Normal	
20200924 14:18:58.129  	25.688	100.24	0.2	0.07	0.48	0.05	-0.031	Normal	
20200924 14:18:58.162  	25.743	100.35	0.2	0.07	0.47	0.05	-0.031	Normal	
20200924 14:18:58.195  	25.745	100.35	0.2	0.07	0.47	0.05	-0.030	Normal	
20200924 14:18:58.228  	25.761	100.38	0.2	0.07	0.45	0.05	-0.030	Normal	
20200924 14:18:58.262  	25.764	100.39	0.2	0.07	0.45	0.05	-0.030	Normal	
20200924 14:18:58.295  	25.828	100.51	0.2	0.07	0.45	0.05	-0.030	Normal	
20200924 14:19:05.762  	25.450	99.77	2.1	0.19	0.54	0.16	-0.030	Normal	
20200924 14:19:05.796  	25.451	99.78	2.1	0.18	0.54	0.16	-0.030	Normal	
20200924 14:19:05.830  	25.429	99.73	2.1	0.18	0.54	0.16	-0.030	Normal	
20200924 14:19:05.862  	25.452	99.78	2.1	0.18	0.54	0.16	-0.030	Normal	
20200924 14:19:05.896  	25.430	99.73	2.1	0.18	0.54	0.16	-0.030	Normal	
20200924 14:19:05.928  	25.449	99.77	2.1	0.18	0.54	0.15	-0.030	Normal	
20200924 14:19:05.963  	25.426	99.73	2.1	0.18	0.54	0.16	-0.030	Normal	
20200924 14:19:05.997  	25.456	99.78	2.1	0.18	0.54	0.16	-0.030	Normal	
20200924 14:19:06.031  	25.434	99.74	2.1	0.18	0.54	0.16	-0.029	Normal	
20200924 14:19:06.064  	25.462	99.80	2.1	0.18	0.55	0.16	-0.029	Normal	
20200924 14:19:09.729  	25.706	100.27	3.9	0.33	0.53	0.31	-0.031	Normal	
20200924 14:19:09.764  	25.617	100.10	4.0	0.33	0.53	0.31	-0.031	Normal	
20200924 14:19:09.799  	25.616	100.10	4.1	0.33	0.52	0.30	-0.031	Normal	
20200924 14:19:09.832  	25.596	100.06	4.1	0.33	0.52	0.30	-0.031	Normal	
20200924 14:19:09.866  	25.608	100.08	4.1	0.33	0.52	0.30	-0.031	Normal	
20200924 14:19:09.899  	25.575	100.02	4.1	0.33	0.52	0.30	-0.031	Normal	
20200924 14:19:09.932  	25.596	100.06	4.1	0.33	0.51	0.30	-0.031	Normal	
20200924 14:19:09.965  	25.544	99.96	4.1	0.33	0.51	0.30	-0.031	Normal	
20200924 14:19:09.998  	25.526	99.92	4.1	0.33	0.51	0.30	-0.031	Normal	
20200924 14:19:10.030  	25.475	99.82	4.1	0.33	0.51	0.30	-0.030	Normal	
20200924 14:19:16.279  	25.152	99.19	6.2	0.55	-0.02	0.52	-0.031	Normal	
20200924 14:19:16.312  	25.157	99.20	6.2	0.55	-0.01	0.53	-0.031	Normal	
20200924 14:19:16.348  	25.244	99.37	6.2	0.55	-0.01	0.53	-0.031	Normal	
20200924 14:19:16.380  	25.240	99.36	6.2	0.55	-0.01	0.53	-0.031	Normal	
20200924 14:19:16.412  	25.306	99.49	6.1	0.55	-0.01	0.53	-0.031	Normal	
20200924 14:19:16.445  	25.313	99.50	6.1	0.55	-0.01	0.53	-0.031	Normal	
20200924 14:19:16.479  	25.358	99.59	6.1	0.55	0.00	0.54	-0.031	Normal	
20200924 14:19:16.513  	25.353	99.58	6.1	0.55	0.01	0.54	-0.031	Normal	
20200924 14:19:16.546  	25.380	99.64	6.1	0.55	0.02	0.54	-0.031	Normal	
20200924 14:19:16.578  	25.434	99.74	6.1	0.56	0.03	0.54	-0.031	Normal	
20200924 14:19:24.059  	25.044	98.97	8.0	0.77	-0.30	0.81	-0.033	Normal	
20200924 14:19:24.093  	25.051	98.99	8.0	0.77	-0.28	0.81	-0.033	Normal	
20200924 14:19:24.129  	25.042	98.97	8.0	0.78	-0.26	0.81	-0.033	Normal	
20200924 14:19:24.163  	25.054	98.99	8.0	0.78	-0.26	0.81	-0.033	Normal	
20200924 14:19:24.196  	25.033	98.95	8.0	0.78	-0.28	0.81	-0.033	Normal	
20200924 14:19:24.230  	25.040	98.97	8.0	0.80	-0.30	0.81	-0.033	Normal	
20200924 14:19:24.263  	25.073	99.03	8.0	0.80	-0.30	0.81	-0.033	Normal	
20200924 14:19:24.295  	25.081	99.05	8.0	0.78	-0.30	0.81	-0.033	Normal	
20200924 14:19:24.328  	25.120	99.12	8.0	0.77	-0.30	0.80	-0.033	Normal	
20200924 14:19:24.361  	25.099	99.08	8.0	0.78	-0.30	0.81	-0.032	Normal	
20200924 14:19:34.411  	25.624	100.11	10.0	1.04	-0.60	1.09	-0.032	Normal	
20200924 14:19:34.445  	25.601	100.07	10.0	1.04	-0.62	1.09	-0.032	Normal	
20200924 14:19:34.478  	25.605	100.08	10.0	1.04	-0.62	1.09	-0.032	Normal	
20200924 14:19:34.511  	25.635	100.14	10.0	1.04	-0.62	1.09	-0.032	Normal	
20200924 14:19:34.545  	25.630	100.12	10.0	1.04	-0.62	1.09	-0.032	Normal	
20200924 14:19:34.579  	25.630	100.13	10.0	1.04	-0.63	1.09	-0.032	Normal	
20200924 14:19:34.613  	25.599	100.06	10.0	1.03	-0.63	1.09	-0.032	Normal	
20200924 14:19:34.646  	25.610	100.09	10.0	1.03	-0.64	1.09	-0.032	Normal	
20200924 14:19:34.679  	25.577	100.02	10.0	1.03	-0.65	1.07	-0.032	Normal	
20200924 14:19:34.712  	25.537	99.94	10.0	1.03	-0.66	1.07	-0.032	Normal	
20200924 14:19:42.510  	25.660	100.18	11.8	1.20	-0.86	1.27	-0.033	Normal	
20200924 14:19:42.544  	25.636	100.14	11.8	1.20	-0.86	1.27	-0.033	Normal	
20200924 14:19:42.578  	25.697	100.26	11.8	1.22	-0.86	1.27	-0.033	Normal	
20200924 14:19:42.611  	25.640	100.15	11.8	1.22	-0.90	1.27	-0.033	Normal	
20200924 14:19:42.645  	25.677	100.22	11.8	1.20	-0.90	1.27	-0.033	Normal	
20200924 14:19:42.678  	25.616	100.10	11.8	1.20	-0.90	1.27	-0.033	Normal	
20200924 14:19:42.711  	25.616	100.10	11.8	1.20	-0.90	1.27	-0.033	Normal	
20200924 14:19:42.744  	25.589	100.05	11.8	1.20	-0.90	1.26	-0.033	Normal	
20200924 14:19:42.777  	25.525	99.92	11.9	1.20	-0.91	1.26	-0.033	Normal	
20200924 14:19:42.811  	25.574	100.02	11.9	1.20	-0.95	1.25	-0.033	Normal	
20200924 14:20:04.127  	25.443	99.76	13.8	1.41	-1.56	1.43	-0.034	Normal	
20200924 14:20:04.160  	25.406	99.69	13.9	1.41	-1.56	1.43	-0.034	Normal	
20200924 14:20:04.195  	25.377	99.63	13.8	1.41	-1.55	1.43	-0.034	Normal	
20200924 14:20:04.229  	25.395	99.67	13.8	1.41	-1.55	1.43	-0.034	Normal	
20200924 14:20:04.261  	25.434	99.74	13.9	1.41	-1.55	1.43	-0.034	Normal	
20200924 14:20:04.294  	25.459	99.79	13.9	1.41	-1.55	1.43	-0.034	Normal	
20200924 14:20:04.328  	25.417	99.71	13.9	1.41	-1.53	1.46	-0.034	Normal	
20200924 14:20:04.361  	25.407	99.69	13.9	1.41	-1.55	1.46	-0.034	Normal	
20200924 14:20:04.394  	25.409	99.69	13.9	1.42	-1.55	1.46	-0.034	Normal	
20200924 14:20:04.427  	25.412	99.70	13.9	1.41	-1.55	1.46	-0.034	Normal	
