Date:	9/24/2020
Time:	2:36 PM
Summary Notes:	




Data Timestamp        	q	V_ref	Alpha	NF/SF	AF/AF2	PM/YM	P	Orientation	Notes 
[yyyymmdd hh:mm:ss.sss]	[psf]	[mph]	[deg]	[lbf]	[lbf]	[in-lbf]	[inH2O]		
20200924 14:35:50.630  	1.511	24.31	16.0	0.03	-0.04	0.05	-0.071	Normal	
20200924 14:35:50.732  	1.473	24.00	16.0	0.03	-0.04	0.05	-0.071	Normal	
20200924 14:35:50.834  	1.449	23.81	16.0	0.03	-0.03	0.05	-0.072	Normal	
20200924 14:35:50.936  	1.422	23.59	16.0	0.03	-0.02	0.05	-0.071	Normal	
20200924 14:35:51.037  	1.397	23.38	16.0	0.03	-0.02	0.04	-0.071	Normal	
20200924 14:35:51.138  	1.369	23.14	16.0	0.03	-0.02	0.04	-0.071	Normal	
20200924 14:35:51.239  	1.342	22.91	16.0	0.03	-0.02	0.04	-0.071	Normal	
20200924 14:35:51.341  	1.319	22.72	16.0	0.03	-0.02	0.04	-0.071	Normal	
20200924 14:35:51.472  	1.291	22.47	16.0	0.03	-0.01	0.05	-0.071	Normal	
20200924 14:35:51.571  	1.262	22.22	16.0	0.03	-0.01	0.05	-0.071	Normal	
20200924 14:35:51.703  	1.226	21.90	16.0	0.03	0.00	0.05	-0.071	Normal	
20200924 14:35:51.804  	1.202	21.68	16.0	0.03	0.00	0.05	-0.071	Normal	
20200924 14:35:51.905  	1.181	21.49	16.0	0.03	0.00	0.04	-0.071	Normal	
20200924 14:35:52.038  	1.153	21.24	16.0	0.03	0.00	0.04	-0.071	Normal	
20200924 14:35:52.139  	1.132	21.04	16.0	0.03	0.00	0.04	-0.071	Normal	
20200924 14:35:52.240  	1.115	20.88	16.0	0.03	0.00	0.04	-0.071	Normal	
20200924 14:35:52.372  	1.103	20.77	16.0	0.03	0.00	0.04	-0.071	Normal	
20200924 14:35:52.502  	1.100	20.74	16.0	0.03	0.01	0.04	-0.072	Normal	
20200924 14:35:52.634  	1.108	20.82	16.0	0.03	0.01	0.04	-0.072	Normal	
20200924 14:35:52.736  	1.123	20.96	16.0	0.03	0.01	0.04	-0.072	Normal	
20200924 14:35:52.837  	1.143	21.14	16.0	0.03	0.01	0.04	-0.072	Normal	
20200924 14:35:52.938  	1.165	21.35	16.0	0.03	0.01	0.04	-0.071	Normal	
20200924 14:35:53.038  	1.194	21.61	16.0	0.03	0.01	0.04	-0.071	Normal	
20200924 14:35:53.170  	1.236	21.99	16.0	0.03	0.01	0.04	-0.071	Normal	
20200924 14:35:53.271  	1.270	22.29	16.0	0.03	0.01	0.04	-0.071	Normal	
20200924 14:35:53.372  	1.301	22.55	16.0	0.03	0.01	0.04	-0.071	Normal	
20200924 14:35:53.473  	1.333	22.83	16.0	0.03	0.00	0.04	-0.071	Normal	
20200924 14:35:53.572  	1.370	23.15	16.0	0.03	0.00	0.04	-0.071	Normal	
20200924 14:35:53.673  	1.399	23.39	16.0	0.03	0.00	0.04	-0.071	Normal	
20200924 14:35:53.774  	1.428	23.64	16.0	0.03	-0.00	0.05	-0.071	Normal	
20200924 14:35:53.872  	1.461	23.90	16.0	0.03	-0.00	0.05	-0.071	Normal	
20200924 14:35:53.973  	1.491	24.15	16.0	0.03	-0.01	0.05	-0.071	Normal	
20200924 14:35:54.105  	1.543	24.57	16.0	0.03	-0.01	0.05	-0.071	Normal	
20200924 14:35:54.206  	1.579	24.85	16.0	0.03	-0.01	0.05	-0.071	Normal	
20200924 14:35:54.308  	1.613	25.12	16.0	0.03	-0.01	0.05	-0.071	Normal	
20200924 14:35:54.438  	1.674	25.59	16.0	0.03	-0.02	0.04	-0.071	Normal	
20200924 14:35:54.538  	1.721	25.95	16.0	0.03	-0.02	0.04	-0.071	Normal	
20200924 14:35:54.637  	1.770	26.31	16.0	0.03	-0.02	0.04	-0.071	Normal	
20200924 14:35:54.738  	1.814	26.64	16.0	0.03	-0.03	0.04	-0.071	Normal	
20200924 14:35:54.839  	1.861	26.98	16.0	0.03	-0.03	0.04	-0.071	Normal	
20200924 14:35:54.940  	1.907	27.31	16.0	0.03	-0.03	0.04	-0.071	Normal	
20200924 14:35:55.041  	1.948	27.60	16.0	0.03	-0.04	0.04	-0.071	Normal	
20200924 14:35:55.141  	1.983	27.85	16.0	0.03	-0.04	0.04	-0.072	Normal	
20200924 14:35:55.271  	2.048	28.30	16.0	0.03	-0.04	0.04	-0.072	Normal	
20200924 14:35:55.372  	2.090	28.59	16.0	0.03	-0.05	0.04	-0.072	Normal	
20200924 14:35:55.474  	2.133	28.89	16.0	0.03	-0.05	0.04	-0.072	Normal	
20200924 14:35:55.572  	2.183	29.22	15.9	0.03	-0.06	0.04	-0.072	Normal	
20200924 14:35:55.674  	2.230	29.54	15.9	0.03	-0.06	0.04	-0.072	Normal	
20200924 14:35:55.776  	2.277	29.84	16.0	0.03	-0.07	0.04	-0.072	Normal	
20200924 14:35:55.876  	2.322	30.14	16.0	0.03	-0.07	0.04	-0.072	Normal	
20200924 14:35:56.007  	2.386	30.55	16.0	0.03	-0.08	0.04	-0.072	Normal	
20200924 14:35:56.105  	2.442	30.90	15.9	0.03	-0.08	0.04	-0.072	Normal	
20200924 14:35:56.205  	2.491	31.22	16.0	0.03	-0.09	0.04	-0.072	Normal	
20200924 14:35:56.337  	2.574	31.73	16.0	0.03	-0.10	0.04	-0.072	Normal	
20200924 14:35:56.438  	2.633	32.09	16.0	0.03	-0.10	0.04	-0.072	Normal	
20200924 14:35:56.538  	2.685	32.41	16.0	0.03	-0.11	0.04	-0.071	Normal	
20200924 14:35:56.638  	2.742	32.75	16.0	0.03	-0.11	0.04	-0.071	Normal	
20200924 14:35:56.771  	2.808	33.14	16.0	0.03	-0.11	0.04	-0.071	Normal	
20200924 14:35:56.872  	2.860	33.45	16.0	0.03	-0.12	0.04	-0.071	Normal	
20200924 14:35:57.003  	2.931	33.86	16.0	0.03	-0.13	0.04	-0.072	Normal	
20200924 14:35:57.104  	2.982	34.15	16.0	0.03	-0.13	0.04	-0.071	Normal	
20200924 14:35:57.204  	3.042	34.50	16.0	0.03	-0.13	0.04	-0.072	Normal	
20200924 14:35:57.306  	3.099	34.81	16.0	0.03	-0.14	0.04	-0.072	Normal	
20200924 14:35:57.404  	3.153	35.12	15.9	0.03	-0.14	0.04	-0.071	Normal	
20200924 14:35:57.505  	3.221	35.50	15.9	0.03	-0.15	0.04	-0.071	Normal	
20200924 14:35:57.637  	3.304	35.95	15.9	0.03	-0.15	0.04	-0.071	Normal	
20200924 14:35:57.739  	3.376	36.34	15.9	0.03	-0.16	0.04	-0.071	Normal	
20200924 14:35:57.840  	3.439	36.67	15.9	0.03	-0.16	0.04	-0.071	Normal	
20200924 14:35:57.971  	3.528	37.15	15.9	0.03	-0.17	0.04	-0.071	Normal	
20200924 14:35:58.074  	3.592	37.48	16.0	0.03	-0.18	0.04	-0.071	Normal	
20200924 14:35:58.173  	3.638	37.72	15.9	0.04	-0.19	0.05	-0.072	Normal	
20200924 14:35:58.274  	3.695	38.02	15.9	0.04	-0.19	0.05	-0.072	Normal	
20200924 14:35:58.405  	3.766	38.38	15.9	0.04	-0.20	0.04	-0.072	Normal	
20200924 14:35:58.506  	3.837	38.74	15.9	0.04	-0.20	0.05	-0.072	Normal	
20200924 14:35:58.639  	3.933	39.22	15.9	0.04	-0.21	0.05	-0.072	Normal	
20200924 14:35:58.771  	4.040	39.75	15.9	0.04	-0.22	0.04	-0.072	Normal	
20200924 14:35:58.872  	4.124	40.16	15.9	0.04	-0.22	0.04	-0.071	Normal	
20200924 14:35:59.002  	4.213	40.59	15.9	0.04	-0.23	0.05	-0.071	Normal	
20200924 14:35:59.103  	4.282	40.93	15.9	0.04	-0.24	0.05	-0.071	Normal	
20200924 14:35:59.204  	4.366	41.33	16.0	0.05	-0.24	0.05	-0.071	Normal	
20200924 14:35:59.306  	4.419	41.58	16.0	0.04	-0.25	0.05	-0.071	Normal	
20200924 14:35:59.438  	4.520	42.05	16.0	0.05	-0.26	0.05	-0.071	Normal	
20200924 14:35:59.538  	4.586	42.35	16.0	0.05	-0.26	0.06	-0.071	Normal	
20200924 14:35:59.639  	4.671	42.74	16.0	0.04	-0.28	0.05	-0.071	Normal	
20200924 14:35:59.740  	4.745	43.08	16.0	0.05	-0.28	0.05	-0.071	Normal	
20200924 14:35:59.872  	4.826	43.45	16.0	0.05	-0.29	0.06	-0.071	Normal	
20200924 14:36:00.004  	4.951	44.01	16.0	0.05	-0.30	0.06	-0.071	Normal	
20200924 14:36:00.105  	5.022	44.32	16.0	0.05	-0.30	0.06	-0.071	Normal	
20200924 14:36:00.206  	5.102	44.67	16.0	0.06	-0.31	0.06	-0.072	Normal	
20200924 14:36:00.308  	5.179	45.01	16.0	0.06	-0.32	0.07	-0.072	Normal	
20200924 14:36:00.408  	5.263	45.37	16.0	0.06	-0.32	0.07	-0.072	Normal	
20200924 14:36:00.541  	5.376	45.86	16.0	0.06	-0.33	0.08	-0.073	Normal	
20200924 14:36:00.641  	5.444	46.15	16.0	0.07	-0.33	0.08	-0.073	Normal	
20200924 14:36:00.741  	5.495	46.36	16.0	0.06	-0.34	0.07	-0.073	Normal	
20200924 14:36:00.841  	5.600	46.80	16.0	0.07	-0.35	0.07	-0.073	Normal	
20200924 14:36:00.972  	5.719	47.29	16.0	0.08	-0.35	0.09	-0.073	Normal	
20200924 14:36:01.072  	5.809	47.67	16.0	0.08	-0.36	0.08	-0.073	Normal	
20200924 14:36:01.204  	5.928	48.15	16.0	0.08	-0.38	0.09	-0.073	Normal	
20200924 14:36:01.303  	6.045	48.62	16.0	0.09	-0.39	0.09	-0.072	Normal	
20200924 14:36:01.405  	6.156	49.07	16.0	0.09	-0.39	0.09	-0.072	Normal	
20200924 14:36:01.505  	6.233	49.37	16.0	0.09	-0.39	0.09	-0.072	Normal	
20200924 14:36:01.638  	6.333	49.77	16.0	0.09	-0.40	0.09	-0.072	Normal	
20200924 14:36:01.737  	6.414	50.09	16.0	0.11	-0.41	0.12	-0.071	Normal	
20200924 14:36:01.839  	6.487	50.37	16.0	0.11	-0.41	0.10	-0.072	Normal	
20200924 14:36:01.971  	6.562	50.66	16.0	0.11	-0.42	0.10	-0.072	Normal	
20200924 14:36:02.073  	6.642	50.97	16.0	0.11	-0.42	0.10	-0.072	Normal	
20200924 14:36:02.173  	6.703	51.20	16.0	0.11	-0.43	0.10	-0.072	Normal	
20200924 14:36:02.303  	6.786	51.52	16.0	0.12	-0.44	0.12	-0.072	Normal	
20200924 14:36:02.404  	6.831	51.69	16.0	0.13	-0.44	0.13	-0.072	Normal	
20200924 14:36:02.537  	6.919	52.02	16.0	0.12	-0.45	0.11	-0.072	Normal	
20200924 14:36:02.669  	6.989	52.28	16.0	0.13	-0.46	0.13	-0.071	Normal	
20200924 14:36:02.771  	7.061	52.55	16.0	0.13	-0.47	0.13	-0.071	Normal	
20200924 14:36:02.871  	7.156	52.91	16.0	0.12	-0.47	0.12	-0.071	Normal	
20200924 14:36:03.003  	7.295	53.42	16.0	0.12	-0.47	0.12	-0.071	Normal	
20200924 14:36:03.104  	7.392	53.77	16.0	0.12	-0.50	0.12	-0.071	Normal	
20200924 14:36:03.205  	7.481	54.09	16.0	0.12	-0.50	0.12	-0.072	Normal	
20200924 14:36:03.306  	7.595	54.50	16.0	0.12	-0.50	0.12	-0.072	Normal	
20200924 14:36:03.438  	7.724	54.97	16.0	0.14	-0.51	0.13	-0.072	Normal	
20200924 14:36:03.570  	7.823	55.32	16.0	0.14	-0.54	0.13	-0.072	Normal	
20200924 14:36:03.671  	7.923	55.67	16.0	0.10	-0.53	0.09	-0.072	Normal	
20200924 14:36:03.772  	8.006	55.96	16.0	0.13	-0.54	0.11	-0.072	Normal	
20200924 14:36:03.904  	8.121	56.36	16.0	0.10	-0.55	0.09	-0.072	Normal	
20200924 14:36:04.037  	8.299	56.97	16.0	0.10	-0.58	0.09	-0.072	Normal	
20200924 14:36:04.138  	8.409	57.35	16.0	0.10	-0.58	0.09	-0.072	Normal	
20200924 14:36:04.240  	8.558	57.86	16.0	0.09	-0.58	0.08	-0.072	Normal	
20200924 14:36:04.342  	8.670	58.23	16.0	0.10	-0.59	0.09	-0.073	Normal	
20200924 14:36:04.474  	8.837	58.79	16.0	0.10	-0.61	0.09	-0.073	Normal	
20200924 14:36:04.605  	8.971	59.24	16.0	0.09	-0.63	0.08	-0.073	Normal	
20200924 14:36:04.706  	8.997	59.32	16.0	0.08	-0.63	0.05	-0.073	Normal	
20200924 14:36:04.836  	9.040	59.46	16.0	0.08	-0.62	0.05	-0.073	Normal	
20200924 14:36:04.937  	9.032	59.44	16.0	0.08	-0.61	0.05	-0.073	Normal	
20200924 14:36:05.038  	9.033	59.44	16.0	0.07	-0.61	0.05	-0.072	Normal	
20200924 14:36:05.139  	9.006	59.35	16.0	0.07	-0.59	0.05	-0.072	Normal	
20200924 14:36:05.240  	8.994	59.31	16.0	0.07	-0.60	0.05	-0.073	Normal	
20200924 14:36:05.342  	8.977	59.26	16.0	0.06	-0.60	0.03	-0.073	Normal	
20200924 14:36:05.442  	8.961	59.20	16.0	0.06	-0.60	0.03	-0.073	Normal	
20200924 14:36:05.574  	8.941	59.14	16.0	0.05	-0.58	0.02	-0.073	Normal	
20200924 14:36:05.707  	8.931	59.10	16.0	0.06	-0.58	0.03	-0.074	Normal	
20200924 14:36:05.809  	8.975	59.25	16.0	0.06	-0.60	0.03	-0.073	Normal	
20200924 14:36:05.941  	8.997	59.32	16.0	0.07	-0.60	0.04	-0.073	Normal	
20200924 14:36:06.041  	9.014	59.38	16.0	0.07	-0.60	0.05	-0.073	Normal	
20200924 14:36:06.141  	9.049	59.50	16.0	0.07	-0.61	0.04	-0.074	Normal	
20200924 14:36:06.240  	9.056	59.52	16.0	0.07	-0.61	0.04	-0.073	Normal	
20200924 14:36:06.340  	9.083	59.60	16.0	0.07	-0.62	0.05	-0.074	Normal	
20200924 14:36:06.442  	9.078	59.59	16.0	0.08	-0.61	0.05	-0.074	Normal	
20200924 14:36:06.543  	9.078	59.59	16.0	0.08	-0.61	0.05	-0.074	Normal	
20200924 14:36:06.676  	9.087	59.62	16.0	0.08	-0.60	0.06	-0.074	Normal	
20200924 14:36:06.774  	9.125	59.74	16.0	0.08	-0.60	0.05	-0.074	Normal	
20200924 14:36:06.907  	9.121	59.73	16.0	0.08	-0.61	0.05	-0.074	Normal	
20200924 14:36:07.038  	9.120	59.73	16.0	0.08	-0.63	0.05	-0.074	Normal	
20200924 14:36:07.139  	9.133	59.77	16.0	0.08	-0.63	0.04	-0.074	Normal	
