Date:	9/24/2020
Time:	2:23 PM
Summary Notes:	




Data Timestamp        	q	V_ref	Alpha	NF/SF	AF/AF2	PM/YM	P	Orientation	Notes 
[yyyymmdd hh:mm:ss.sss]	[psf]	[mph]	[deg]	[lbf]	[lbf]	[in-lbf]	[inH2O]		
20200924 14:22:33.144  	6.883	51.89	-4.0	0.04	0.18	0.05	-0.042	Normal	
20200924 14:22:33.247  	6.879	51.87	-4.0	0.04	0.18	0.05	-0.042	Normal	
20200924 14:22:33.378  	6.860	51.80	-4.0	0.04	0.18	0.05	-0.042	Normal	
20200924 14:22:33.478  	6.833	51.70	-4.0	0.04	0.18	0.05	-0.043	Normal	
20200924 14:22:33.578  	6.813	51.62	-4.0	0.04	0.18	0.05	-0.043	Normal	
20200924 14:22:33.710  	6.770	51.46	-4.0	0.04	0.18	0.05	-0.043	Normal	
20200924 14:22:33.810  	6.740	51.35	-4.0	0.04	0.18	0.05	-0.043	Normal	
20200924 14:22:33.911  	6.717	51.26	-3.7	0.04	0.18	0.05	-0.043	Normal	
20200924 14:22:34.043  	6.701	51.20	-3.5	0.04	0.19	0.05	-0.043	Normal	
20200924 14:22:34.143  	6.707	51.22	-3.3	0.04	0.22	0.05	-0.043	Normal	
20200924 14:22:34.244  	6.714	51.25	-3.1	0.04	0.22	0.05	-0.043	Normal	
20200924 14:22:34.343  	6.723	51.28	-3.0	0.04	0.22	0.05	-0.043	Normal	
20200924 14:22:34.476  	6.741	51.35	-2.7	0.04	0.20	0.05	-0.042	Normal	
20200924 14:22:34.576  	6.758	51.41	-2.7	0.04	0.17	0.05	-0.042	Normal	
20200924 14:22:34.677  	6.776	51.48	-2.7	0.04	0.16	0.05	-0.042	Normal	
20200924 14:22:34.776  	6.784	51.51	-2.7	0.04	0.11	0.05	-0.042	Normal	
20200924 14:22:34.878  	6.792	51.54	-2.7	0.04	0.10	0.05	-0.043	Normal	
20200924 14:22:35.009  	6.791	51.54	-2.7	0.04	0.10	0.05	-0.042	Normal	
20200924 14:22:35.109  	6.787	51.53	-2.5	0.04	0.11	0.04	-0.042	Normal	
20200924 14:22:35.243  	6.789	51.53	-2.3	0.04	0.11	0.05	-0.042	Normal	
20200924 14:22:35.373  	6.783	51.51	-2.0	0.04	0.11	0.04	-0.042	Normal	
20200924 14:22:35.502  	6.775	51.48	-1.8	0.04	0.11	0.04	-0.041	Normal	
20200924 14:22:35.632  	6.770	51.46	-1.8	0.04	0.13	0.05	-0.042	Normal	
20200924 14:22:35.761  	6.771	51.46	-1.8	0.08	0.24	0.10	-0.042	Normal	
20200924 14:22:35.859  	6.769	51.46	-1.8	0.09	0.24	0.11	-0.042	Normal	
20200924 14:22:35.959  	6.778	51.49	-1.7	0.09	0.24	0.11	-0.042	Normal	
20200924 14:22:36.059  	6.777	51.48	-1.7	0.10	0.24	0.11	-0.042	Normal	
20200924 14:22:36.159  	6.763	51.43	-1.6	0.10	0.24	0.11	-0.042	Normal	
20200924 14:22:36.292  	6.749	51.38	-1.6	0.10	0.24	0.11	-0.042	Normal	
20200924 14:22:36.425  	6.752	51.39	-1.4	0.10	0.25	0.12	-0.042	Normal	
20200924 14:22:36.554  	6.746	51.37	-1.3	0.11	0.27	0.12	-0.042	Normal	
20200924 14:22:36.653  	6.734	51.32	-1.1	0.11	0.30	0.13	-0.042	Normal	
20200924 14:22:36.782  	6.717	51.26	-1.1	0.12	0.30	0.13	-0.042	Normal	
20200924 14:22:36.911  	6.716	51.25	-1.1	0.13	0.31	0.14	-0.042	Normal	
20200924 14:22:37.012  	6.709	51.23	-1.1	0.13	0.31	0.14	-0.042	Normal	
20200924 14:22:37.113  	6.711	51.24	-1.0	0.13	0.31	0.15	-0.042	Normal	
20200924 14:22:37.244  	6.735	51.33	-0.9	0.14	0.32	0.15	-0.043	Normal	
20200924 14:22:37.343  	6.738	51.34	-0.7	0.15	0.33	0.16	-0.043	Normal	
20200924 14:22:37.442  	6.756	51.41	-0.7	0.15	0.35	0.17	-0.043	Normal	
20200924 14:22:37.545  	6.766	51.44	-0.4	0.16	0.35	0.18	-0.043	Normal	
20200924 14:22:37.647  	6.794	51.55	-0.4	0.16	0.35	0.18	-0.043	Normal	
20200924 14:22:37.749  	6.805	51.59	-0.4	0.16	0.33	0.18	-0.043	Normal	
20200924 14:22:37.850  	6.788	51.53	-0.4	0.16	0.30	0.18	-0.043	Normal	
20200924 14:22:37.951  	6.788	51.53	-0.4	0.15	0.20	0.16	-0.042	Normal	
20200924 14:22:38.081  	6.782	51.50	-0.4	0.14	0.19	0.15	-0.042	Normal	
20200924 14:22:38.181  	6.784	51.51	-0.2	0.14	0.19	0.15	-0.042	Normal	
20200924 14:22:38.282  	6.774	51.47	-0.1	0.14	0.19	0.15	-0.042	Normal	
20200924 14:22:38.415  	6.775	51.48	0.0	0.14	0.19	0.15	-0.042	Normal	
20200924 14:22:38.548  	6.775	51.48	0.2	0.14	0.20	0.15	-0.042	Normal	
20200924 14:22:38.648  	6.768	51.45	0.3	0.14	0.20	0.15	-0.043	Normal	
20200924 14:22:38.748  	6.777	51.49	0.4	0.13	0.19	0.15	-0.043	Normal	
20200924 14:22:38.850  	6.799	51.57	0.4	0.13	0.17	0.14	-0.043	Normal	
20200924 14:22:38.983  	6.830	51.69	0.4	0.12	0.16	0.13	-0.043	Normal	
20200924 14:22:39.082  	6.846	51.75	0.4	0.12	0.16	0.13	-0.043	Normal	
20200924 14:22:39.213  	6.883	51.89	0.4	0.12	0.15	0.13	-0.042	Normal	
20200924 14:22:39.314  	6.921	52.03	0.6	0.12	0.15	0.13	-0.042	Normal	
20200924 14:22:39.414  	6.951	52.14	0.7	0.12	0.16	0.13	-0.042	Normal	
20200924 14:22:39.545  	6.979	52.25	0.9	0.13	0.17	0.14	-0.043	Normal	
20200924 14:22:39.644  	6.975	52.23	1.0	0.13	0.17	0.14	-0.043	Normal	
20200924 14:22:39.743  	6.977	52.24	1.1	0.13	0.18	0.14	-0.043	Normal	
20200924 14:22:39.876  	6.990	52.29	1.4	0.13	0.18	0.14	-0.043	Normal	
20200924 14:22:39.977  	6.984	52.26	1.6	0.13	0.18	0.14	-0.043	Normal	
20200924 14:22:40.077  	6.969	52.21	1.6	0.13	0.18	0.14	-0.043	Normal	
20200924 14:22:40.176  	6.934	52.08	1.6	0.13	0.17	0.14	-0.044	Normal	
20200924 14:22:40.277  	6.917	52.02	1.6	0.13	0.17	0.14	-0.044	Normal	
20200924 14:22:40.377  	6.890	51.91	1.6	0.13	0.16	0.14	-0.044	Normal	
20200924 14:22:40.477  	6.873	51.85	1.6	0.13	0.16	0.14	-0.044	Normal	
20200924 14:22:40.609  	6.837	51.71	1.8	0.13	0.16	0.14	-0.044	Normal	
20200924 14:22:40.711  	6.836	51.71	1.8	0.13	0.17	0.14	-0.044	Normal	
20200924 14:22:40.842  	6.856	51.78	2.0	0.13	0.16	0.14	-0.044	Normal	
20200924 14:22:40.944  	6.884	51.89	2.2	0.13	0.17	0.14	-0.044	Normal	
20200924 14:22:41.043  	6.915	52.01	2.3	0.13	0.17	0.14	-0.044	Normal	
20200924 14:22:41.144  	6.943	52.11	2.4	0.13	0.16	0.14	-0.044	Normal	
20200924 14:22:41.242  	6.973	52.22	2.5	0.13	0.16	0.14	-0.044	Normal	
20200924 14:22:41.372  	7.000	52.33	2.6	0.13	0.16	0.14	-0.044	Normal	
20200924 14:22:41.474  	6.997	52.32	2.6	0.13	0.16	0.13	-0.043	Normal	
20200924 14:22:41.604  	6.986	52.27	2.6	0.12	0.15	0.13	-0.043	Normal	
20200924 14:22:41.734  	6.946	52.12	2.7	0.12	0.14	0.12	-0.042	Normal	
20200924 14:22:41.863  	6.906	51.97	2.8	0.12	0.13	0.12	-0.042	Normal	
20200924 14:22:41.994  	6.835	51.71	3.0	0.12	0.14	0.12	-0.042	Normal	
20200924 14:22:42.125  	6.779	51.49	3.3	0.12	0.14	0.13	-0.042	Normal	
20200924 14:22:42.227  	6.736	51.33	3.3	0.12	0.14	0.13	-0.043	Normal	
20200924 14:22:42.328  	6.721	51.27	3.4	0.12	0.14	0.13	-0.043	Normal	
20200924 14:22:42.461  	6.707	51.22	3.5	0.12	0.14	0.13	-0.044	Normal	
20200924 14:22:42.592  	6.714	51.25	3.5	0.11	0.14	0.12	-0.044	Normal	
20200924 14:22:42.693  	6.724	51.29	3.5	0.11	0.14	0.11	-0.044	Normal	
20200924 14:22:42.825  	6.805	51.59	3.5	0.10	0.12	0.11	-0.043	Normal	
20200924 14:22:42.924  	6.882	51.88	3.8	0.10	0.12	0.11	-0.043	Normal	
20200924 14:22:43.025  	6.957	52.17	4.0	0.10	0.12	0.11	-0.043	Normal	
20200924 14:22:43.126  	7.050	52.51	4.1	0.10	0.12	0.10	-0.043	Normal	
20200924 14:22:43.227  	7.137	52.84	4.2	0.10	0.12	0.10	-0.043	Normal	
20200924 14:22:43.327  	7.232	53.19	4.4	0.10	0.12	0.10	-0.043	Normal	
20200924 14:22:43.459  	7.316	53.50	4.7	0.09	0.11	0.09	-0.044	Normal	
20200924 14:22:43.559  	7.367	53.68	4.9	0.09	0.11	0.09	-0.044	Normal	
20200924 14:22:43.660  	7.432	53.92	4.9	0.09	0.11	0.09	-0.044	Normal	
20200924 14:22:43.792  	7.454	54.00	4.9	0.09	0.11	0.09	-0.044	Normal	
20200924 14:22:43.925  	7.439	53.94	4.9	0.08	0.10	0.08	-0.044	Normal	
20200924 14:22:44.026  	7.419	53.87	5.2	0.07	0.09	0.07	-0.044	Normal	
20200924 14:22:44.159  	7.368	53.68	5.2	0.07	0.08	0.07	-0.044	Normal	
20200924 14:22:44.260  	7.320	53.51	5.5	0.07	0.08	0.07	-0.044	Normal	
20200924 14:22:44.363  	7.244	53.23	5.5	0.07	0.08	0.07	-0.044	Normal	
20200924 14:22:44.462  	7.191	53.03	5.7	0.07	0.08	0.07	-0.044	Normal	
20200924 14:22:44.594  	7.149	52.88	6.0	0.08	0.08	0.08	-0.044	Normal	
20200924 14:22:44.695  	7.143	52.86	6.2	0.08	0.08	0.08	-0.044	Normal	
20200924 14:22:44.827  	7.121	52.78	6.2	0.08	0.07	0.08	-0.044	Normal	
20200924 14:22:44.929  	7.095	52.68	6.2	0.08	0.07	0.08	-0.044	Normal	
20200924 14:22:45.027  	7.062	52.56	6.2	0.08	0.05	0.08	-0.044	Normal	
20200924 14:22:45.127  	7.029	52.43	6.2	0.08	0.04	0.08	-0.044	Normal	
20200924 14:22:45.259  	6.974	52.23	6.4	0.07	0.02	0.07	-0.044	Normal	
20200924 14:22:45.363  	6.932	52.07	6.4	0.07	0.02	0.07	-0.044	Normal	
20200924 14:22:45.462  	6.896	51.94	6.7	0.08	0.02	0.07	-0.045	Normal	
20200924 14:22:45.564  	6.862	51.81	7.0	0.08	0.03	0.08	-0.044	Normal	
20200924 14:22:45.693  	6.831	51.69	7.1	0.08	0.03	0.08	-0.045	Normal	
20200924 14:22:45.795  	6.806	51.60	7.4	0.09	0.03	0.08	-0.045	Normal	
20200924 14:22:45.926  	6.779	51.49	7.4	0.09	0.03	0.08	-0.044	Normal	
20200924 14:22:46.026  	6.766	51.45	7.5	0.08	0.01	0.08	-0.044	Normal	
20200924 14:22:46.127  	6.749	51.38	7.5	0.03	0.00	0.02	-0.044	Normal	
20200924 14:22:46.227  	6.751	51.39	7.5	0.02	-0.01	0.01	-0.044	Normal	
20200924 14:22:46.327  	6.738	51.34	7.5	0.01	-0.03	0.00	-0.044	Normal	
20200924 14:22:46.427  	6.753	51.39	7.7	0.02	-0.04	0.00	-0.044	Normal	
20200924 14:22:46.560  	6.781	51.50	7.9	0.02	-0.04	0.00	-0.044	Normal	
20200924 14:22:46.660  	6.782	51.51	8.0	0.02	-0.04	0.01	-0.044	Normal	
20200924 14:22:46.761  	6.760	51.42	8.2	0.03	-0.04	0.02	-0.044	Normal	
20200924 14:22:46.863  	6.752	51.39	8.5	0.04	-0.05	0.02	-0.044	Normal	
20200924 14:22:46.993  	6.752	51.39	8.6	0.04	-0.06	0.03	-0.044	Normal	
20200924 14:22:47.093  	6.738	51.34	8.9	0.04	-0.07	0.03	-0.044	Normal	
20200924 14:22:47.193  	6.717	51.26	9.0	0.04	-0.07	0.03	-0.044	Normal	
20200924 14:22:47.295  	6.698	51.18	9.0	0.05	-0.08	0.04	-0.044	Normal	
20200924 14:22:47.426  	6.694	51.17	9.0	0.05	-0.09	0.04	-0.044	Normal	
20200924 14:22:47.558  	6.678	51.11	9.0	0.05	-0.11	0.04	-0.044	Normal	
20200924 14:22:47.660  	6.665	51.06	9.1	0.05	-0.11	0.04	-0.043	Normal	
20200924 14:22:47.759  	6.653	51.01	9.2	0.05	-0.12	0.04	-0.044	Normal	
20200924 14:22:47.863  	6.631	50.93	9.4	0.05	-0.12	0.04	-0.044	Normal	
20200924 14:22:47.965  	6.632	50.93	9.4	0.06	-0.12	0.05	-0.044	Normal	
20200924 14:22:48.098  	6.632	50.93	9.6	0.06	-0.12	0.05	-0.043	Normal	
20200924 14:22:48.228  	6.617	50.87	9.7	0.07	-0.12	0.05	-0.043	Normal	
20200924 14:22:48.328  	6.630	50.93	9.8	0.07	-0.12	0.06	-0.043	Normal	
20200924 14:22:48.428  	6.631	50.93	9.8	0.07	-0.13	0.06	-0.043	Normal	
20200924 14:22:48.559  	6.646	50.99	9.8	0.07	-0.15	0.06	-0.043	Normal	
20200924 14:22:48.659  	6.646	50.99	9.8	0.07	-0.16	0.06	-0.043	Normal	
20200924 14:22:48.760  	6.637	50.95	9.8	0.07	-0.16	0.06	-0.044	Normal	
20200924 14:22:48.861  	6.641	50.97	9.9	0.07	-0.17	0.06	-0.044	Normal	
20200924 14:22:48.960  	6.627	50.91	10.1	0.07	-0.17	0.06	-0.044	Normal	
20200924 14:22:49.060  	6.607	50.84	10.2	0.07	-0.17	0.06	-0.044	Normal	
20200924 14:22:49.161  	6.601	50.81	10.3	0.07	-0.17	0.06	-0.044	Normal	
20200924 14:22:49.261  	6.600	50.81	10.3	0.07	-0.17	0.06	-0.043	Normal	
20200924 14:22:49.361  	6.603	50.82	10.4	0.08	-0.17	0.06	-0.043	Normal	
20200924 14:22:49.494  	6.612	50.86	10.6	0.08	-0.17	0.07	-0.043	Normal	
20200924 14:22:49.594  	6.615	50.87	10.5	0.08	-0.18	0.07	-0.043	Normal	
20200924 14:22:49.726  	6.594	50.79	10.5	0.08	-0.18	0.06	-0.044	Normal	
20200924 14:22:49.826  	6.566	50.68	10.5	0.08	-0.19	0.06	-0.044	Normal	
20200924 14:22:49.926  	6.516	50.48	10.6	0.08	-0.21	0.06	-0.044	Normal	
20200924 14:22:50.028  	6.459	50.26	10.7	0.07	-0.21	0.06	-0.044	Normal	
20200924 14:22:50.128  	6.418	50.10	10.8	0.07	-0.22	0.05	-0.044	Normal	
20200924 14:22:50.227  	6.364	49.89	11.0	0.07	-0.23	0.05	-0.044	Normal	
20200924 14:22:50.359  	6.356	49.86	11.0	0.07	-0.23	0.06	-0.044	Normal	
20200924 14:22:50.492  	6.374	49.93	11.1	0.07	-0.22	0.06	-0.044	Normal	
20200924 14:22:50.626  	6.381	49.96	11.3	0.08	-0.22	0.07	-0.044	Normal	
20200924 14:22:50.728  	6.387	49.98	11.3	0.08	-0.22	0.07	-0.044	Normal	
20200924 14:22:50.860  	6.426	50.14	11.3	0.08	-0.22	0.07	-0.044	Normal	
20200924 14:22:50.958  	6.453	50.24	11.3	0.08	-0.22	0.08	-0.044	Normal	
20200924 14:22:51.060  	6.459	50.26	11.3	0.09	-0.22	0.08	-0.044	Normal	
20200924 14:22:51.159  	6.466	50.29	11.4	0.09	-0.22	0.08	-0.044	Normal	
20200924 14:22:51.292  	6.473	50.32	11.4	0.09	-0.23	0.08	-0.044	Normal	
20200924 14:22:51.394  	6.484	50.36	11.7	0.09	-0.23	0.08	-0.044	Normal	
20200924 14:22:51.493  	6.473	50.32	11.7	0.09	-0.23	0.08	-0.044	Normal	
20200924 14:22:51.596  	6.452	50.24	11.8	0.09	-0.24	0.08	-0.044	Normal	
20200924 14:22:51.727  	6.454	50.24	12.1	0.09	-0.24	0.08	-0.044	Normal	
20200924 14:22:51.828  	6.449	50.23	12.2	0.09	-0.24	0.08	-0.044	Normal	
20200924 14:22:51.928  	6.463	50.28	12.3	0.09	-0.24	0.08	-0.044	Normal	
20200924 14:22:52.059  	6.490	50.39	12.3	0.10	-0.24	0.08	-0.044	Normal	
20200924 14:22:52.161  	6.500	50.42	12.3	0.10	-0.25	0.09	-0.044	Normal	
20200924 14:22:52.259  	6.517	50.49	12.3	0.10	-0.25	0.09	-0.044	Normal	
20200924 14:22:52.360  	6.512	50.47	12.3	0.10	-0.25	0.08	-0.044	Normal	
20200924 14:22:52.461  	6.517	50.49	12.4	0.10	-0.26	0.08	-0.044	Normal	
20200924 14:22:52.593  	6.492	50.39	12.6	0.10	-0.26	0.08	-0.045	Normal	
20200924 14:22:52.694  	6.454	50.24	12.7	0.09	-0.27	0.08	-0.045	Normal	
20200924 14:22:52.793  	6.408	50.06	13.0	0.09	-0.28	0.08	-0.045	Normal	
20200924 14:22:52.895  	6.351	49.84	13.0	0.09	-0.29	0.08	-0.045	Normal	
20200924 14:22:52.995  	6.272	49.53	13.2	0.09	-0.30	0.07	-0.045	Normal	
20200924 14:22:53.128  	6.162	49.09	13.4	0.08	-0.32	0.06	-0.044	Normal	
20200924 14:22:53.259  	6.062	48.70	13.4	0.07	-0.34	0.06	-0.044	Normal	
20200924 14:22:53.359  	5.990	48.40	13.4	0.07	-0.34	0.06	-0.044	Normal	
20200924 14:22:53.460  	5.960	48.28	13.4	0.07	-0.34	0.05	-0.044	Normal	
20200924 14:22:53.593  	5.938	48.20	13.4	0.07	-0.35	0.05	-0.044	Normal	
20200924 14:22:53.693  	5.906	48.06	13.5	0.06	-0.35	0.05	-0.045	Normal	
20200924 14:22:53.794  	5.894	48.02	13.7	0.06	-0.35	0.05	-0.045	Normal	
20200924 14:22:53.893  	5.880	47.96	13.8	0.06	-0.35	0.05	-0.045	Normal	
20200924 14:22:53.996  	5.885	47.98	13.9	0.07	-0.35	0.05	-0.044	Normal	
20200924 14:22:54.125  	5.877	47.95	14.0	0.07	-0.34	0.05	-0.044	Normal	
20200924 14:22:54.226  	5.858	47.87	14.3	0.07	-0.33	0.06	-0.044	Normal	
20200924 14:22:54.327  	5.865	47.90	14.4	0.07	-0.33	0.06	-0.044	Normal	
20200924 14:22:54.459  	5.887	47.99	14.6	0.07	-0.33	0.06	-0.044	Normal	
20200924 14:22:54.561  	5.906	48.06	14.6	0.08	-0.33	0.06	-0.044	Normal	
20200924 14:22:54.693  	5.912	48.09	14.6	0.08	-0.34	0.07	-0.044	Normal	
20200924 14:22:54.793  	5.923	48.13	14.6	0.08	-0.34	0.07	-0.044	Normal	
20200924 14:22:54.893  	5.945	48.22	14.7	0.08	-0.32	0.07	-0.044	Normal	
20200924 14:22:54.993  	5.956	48.27	14.8	0.08	-0.32	0.07	-0.045	Normal	
20200924 14:22:55.125  	5.948	48.24	14.9	0.08	-0.31	0.07	-0.045	Normal	
20200924 14:22:55.226  	5.968	48.32	14.9	0.08	-0.32	0.07	-0.045	Normal	
20200924 14:22:55.326  	6.008	48.48	15.1	0.09	-0.32	0.08	-0.045	Normal	
20200924 14:22:55.459  	6.064	48.70	15.5	0.10	-0.32	0.09	-0.045	Normal	
20200924 14:22:55.560  	6.075	48.75	15.8	0.11	-0.31	0.09	-0.045	Normal	
20200924 14:22:55.660  	6.101	48.85	16.0	0.11	-0.31	0.10	-0.045	Normal	
20200924 14:22:55.759  	6.135	48.98	16.0	0.11	-0.31	0.10	-0.045	Normal	
20200924 14:22:55.860  	6.127	48.95	16.0	0.11	-0.32	0.10	-0.044	Normal	
20200924 14:22:55.959  	6.131	48.97	16.0	0.11	-0.34	0.10	-0.045	Normal	
20200924 14:22:56.061  	6.122	48.94	16.0	0.02	-0.36	0.01	-0.044	Normal	
20200924 14:22:56.194  	6.114	48.90	16.2	0.00	-0.38	-0.02	-0.044	Normal	
20200924 14:22:56.293  	6.109	48.88	16.3	-0.01	-0.39	-0.03	-0.045	Normal	
20200924 14:22:56.393  	6.112	48.89	16.5	-0.02	-0.39	-0.04	-0.044	Normal	
20200924 14:22:56.525  	6.118	48.92	16.6	-0.04	-0.40	-0.06	-0.044	Normal	
20200924 14:22:56.625  	6.126	48.95	16.8	-0.07	-0.40	-0.09	-0.044	Normal	
20200924 14:22:56.726  	6.111	48.89	16.9	-0.07	-0.40	-0.10	-0.044	Normal	
20200924 14:22:56.826  	6.122	48.93	17.0	-0.08	-0.41	-0.10	-0.044	Normal	
20200924 14:22:56.925  	6.100	48.85	17.2	-0.07	-0.41	-0.09	-0.044	Normal	
20200924 14:22:57.026  	6.098	48.84	17.4	-0.07	-0.41	-0.09	-0.044	Normal	
20200924 14:22:57.128  	6.086	48.79	17.4	-0.07	-0.41	-0.09	-0.044	Normal	
20200924 14:22:57.227  	6.081	48.77	17.4	-0.07	-0.41	-0.10	-0.044	Normal	
20200924 14:22:57.329  	6.055	48.67	17.4	-0.07	-0.40	-0.09	-0.044	Normal	
20200924 14:22:57.427  	6.064	48.70	17.4	-0.07	-0.40	-0.09	-0.044	Normal	
20200924 14:22:57.527  	6.069	48.72	17.5	-0.07	-0.40	-0.09	-0.044	Normal	
20200924 14:22:57.628  	6.076	48.75	17.7	-0.04	-0.40	-0.06	-0.044	Normal	
20200924 14:22:57.761  	6.101	48.85	17.8	-0.04	-0.40	-0.06	-0.044	Normal	
20200924 14:22:57.864  	6.127	48.95	18.0	-0.06	-0.40	-0.08	-0.043	Normal	
20200924 14:22:57.963  	6.151	49.05	18.0	-0.08	-0.40	-0.10	-0.043	Normal	
20200924 14:22:58.093  	6.200	49.25	18.2	-0.09	-0.39	-0.12	-0.043	Normal	
20200924 14:22:58.195  	6.217	49.31	18.2	-0.10	-0.40	-0.12	-0.043	Normal	
20200924 14:22:58.295  	6.237	49.39	18.2	-0.10	-0.40	-0.12	-0.043	Normal	
20200924 14:22:58.395  	6.229	49.36	18.2	-0.10	-0.40	-0.12	-0.043	Normal	
20200924 14:22:58.528  	6.226	49.35	18.2	-0.10	-0.41	-0.12	-0.043	Normal	
20200924 14:22:58.629  	6.238	49.40	18.2	-0.10	-0.41	-0.12	-0.044	Normal	
20200924 14:22:58.728  	6.222	49.33	18.2	-0.09	-0.40	-0.11	-0.043	Normal	
20200924 14:22:58.859  	6.232	49.37	18.2	-0.09	-0.40	-0.11	-0.044	Normal	
20200924 14:22:58.960  	6.226	49.35	18.2	-0.09	-0.40	-0.11	-0.044	Normal	
20200924 14:22:59.059  	6.229	49.36	18.2	-0.08	-0.40	-0.11	-0.044	Normal	
20200924 14:22:59.160  	6.215	49.30	18.2	-0.08	-0.41	-0.11	-0.044	Normal	
20200924 14:22:59.260  	6.225	49.34	18.2	-0.09	-0.41	-0.11	-0.044	Normal	
20200924 14:22:59.360  	6.244	49.42	18.2	-0.09	-0.41	-0.11	-0.044	Normal	
20200924 14:22:59.493  	6.256	49.47	18.2	-0.09	-0.41	-0.11	-0.044	Normal	
