Date:	9/24/2020
Time:	2:13 PM
Summary Notes:	




Data Timestamp        	q	V_ref	Alpha	NF/SF	AF/AF2	PM/YM	P	Orientation	Notes 
[yyyymmdd hh:mm:ss.sss]	[psf]	[mph]	[deg]	[lbf]	[lbf]	[in-lbf]	[inH2O]		
20200924 14:12:22.031  	12.381	69.59	-4.1	0.02	0.08	0.03	-0.009	Normal	
20200924 14:12:22.065  	12.380	69.59	-4.1	0.02	0.09	0.03	-0.009	Normal	
20200924 14:12:22.098  	12.370	69.56	-4.1	0.02	0.07	0.03	-0.009	Normal	
20200924 14:12:22.133  	12.356	69.52	-4.1	0.02	0.07	0.03	-0.009	Normal	
20200924 14:12:22.166  	12.375	69.57	-4.1	0.02	0.07	0.03	-0.009	Normal	
20200924 14:12:22.198  	12.376	69.58	-4.1	0.02	0.11	0.03	-0.009	Normal	
20200924 14:12:22.231  	12.382	69.59	-4.1	0.02	0.07	0.03	-0.009	Normal	
20200924 14:12:22.265  	12.395	69.63	-4.1	0.03	0.05	0.03	-0.009	Normal	
20200924 14:12:22.298  	12.392	69.62	-4.1	0.02	0.07	0.03	-0.009	Normal	
20200924 14:12:22.331  	12.404	69.65	-4.1	0.02	0.10	0.03	-0.009	Normal	
20200924 14:12:33.816  	13.294	72.11	-2.0	0.02	0.50	0.03	-0.010	Normal	
20200924 14:12:33.851  	13.311	72.16	-2.0	0.03	0.50	0.03	-0.010	Normal	
20200924 14:12:33.886  	13.326	72.20	-2.0	0.03	0.50	0.03	-0.010	Normal	
20200924 14:12:33.919  	13.342	72.24	-2.0	0.03	0.50	0.03	-0.010	Normal	
20200924 14:12:33.953  	13.334	72.22	-2.0	0.03	0.50	0.03	-0.011	Normal	
20200924 14:12:33.986  	13.328	72.20	-2.0	0.03	0.50	0.03	-0.011	Normal	
20200924 14:12:34.020  	13.320	72.18	-2.0	0.03	0.50	0.03	-0.011	Normal	
20200924 14:12:34.053  	13.303	72.14	-2.0	0.03	0.50	0.03	-0.011	Normal	
20200924 14:12:34.085  	13.289	72.10	-2.0	0.03	0.50	0.03	-0.011	Normal	
20200924 14:12:34.116  	13.303	72.14	-2.0	0.03	0.50	0.03	-0.011	Normal	
20200924 14:12:37.906  	12.342	69.48	0.1	0.20	0.53	0.17	-0.010	Normal	
20200924 14:12:37.939  	12.361	69.53	0.1	0.21	0.53	0.19	-0.010	Normal	
20200924 14:12:37.975  	12.347	69.49	0.1	0.21	0.52	0.19	-0.010	Normal	
20200924 14:12:38.008  	12.343	69.48	0.1	0.20	0.52	0.18	-0.010	Normal	
20200924 14:12:38.040  	12.341	69.48	0.1	0.20	0.52	0.18	-0.010	Normal	
20200924 14:12:38.073  	12.310	69.39	0.1	0.20	0.52	0.18	-0.010	Normal	
20200924 14:12:38.108  	12.305	69.38	0.1	0.20	0.52	0.18	-0.010	Normal	
20200924 14:12:38.142  	12.298	69.36	0.1	0.20	0.52	0.17	-0.010	Normal	
20200924 14:12:38.175  	12.283	69.32	0.1	0.20	0.52	0.17	-0.010	Normal	
20200924 14:12:38.208  	12.273	69.28	0.1	0.20	0.52	0.17	-0.010	Normal	
20200924 14:12:42.861  	12.174	69.01	2.1	0.35	0.63	0.32	-0.011	Normal	
20200924 14:12:42.896  	12.197	69.07	2.1	0.35	0.63	0.32	-0.011	Normal	
20200924 14:12:42.930  	12.186	69.04	2.1	0.35	0.63	0.32	-0.011	Normal	
20200924 14:12:42.964  	12.187	69.04	2.1	0.35	0.63	0.32	-0.011	Normal	
20200924 14:12:42.997  	12.191	69.06	2.1	0.35	0.63	0.32	-0.011	Normal	
20200924 14:12:43.031  	12.196	69.07	2.1	0.35	0.63	0.32	-0.010	Normal	
20200924 14:12:43.064  	12.228	69.16	2.1	0.35	0.64	0.32	-0.010	Normal	
20200924 14:12:43.098  	12.239	69.19	2.1	0.36	0.63	0.32	-0.010	Normal	
20200924 14:12:43.132  	12.253	69.23	2.1	0.36	0.64	0.32	-0.010	Normal	
20200924 14:12:43.165  	12.275	69.29	2.1	0.36	0.64	0.33	-0.010	Normal	
20200924 14:12:46.727  	12.083	68.75	4.1	0.48	0.68	0.45	-0.011	Normal	
20200924 14:12:46.760  	12.093	68.78	4.1	0.48	0.68	0.45	-0.011	Normal	
20200924 14:12:46.794  	12.120	68.85	4.1	0.48	0.68	0.45	-0.011	Normal	
20200924 14:12:46.829  	12.139	68.91	4.1	0.48	0.68	0.45	-0.011	Normal	
20200924 14:12:46.863  	12.134	68.89	4.1	0.48	0.69	0.45	-0.011	Normal	
20200924 14:12:46.897  	12.162	68.97	4.1	0.48	0.69	0.45	-0.011	Normal	
20200924 14:12:46.930  	12.183	69.03	4.1	0.49	0.69	0.45	-0.010	Normal	
20200924 14:12:46.964  	12.207	69.10	4.1	0.49	0.69	0.45	-0.011	Normal	
20200924 14:12:46.998  	12.225	69.15	4.1	0.49	0.69	0.45	-0.011	Normal	
20200924 14:12:47.032  	12.238	69.19	4.1	0.49	0.69	0.45	-0.011	Normal	
20200924 14:12:51.748  	12.268	69.27	6.2	0.54	0.62	0.51	-0.010	Normal	
20200924 14:12:51.782  	12.253	69.23	6.2	0.54	0.62	0.51	-0.010	Normal	
20200924 14:12:51.816  	12.263	69.26	6.2	0.54	0.62	0.51	-0.010	Normal	
20200924 14:12:51.850  	12.270	69.28	6.2	0.54	0.62	0.51	-0.011	Normal	
20200924 14:12:51.884  	12.271	69.28	6.2	0.54	0.62	0.51	-0.011	Normal	
20200924 14:12:51.916  	12.283	69.31	6.2	0.54	0.62	0.51	-0.010	Normal	
20200924 14:12:51.949  	12.279	69.30	6.2	0.54	0.62	0.51	-0.011	Normal	
20200924 14:12:51.982  	12.270	69.28	6.2	0.54	0.62	0.51	-0.011	Normal	
20200924 14:12:52.016  	12.285	69.32	6.2	0.54	0.62	0.52	-0.011	Normal	
20200924 14:12:52.050  	12.262	69.25	6.2	0.55	0.62	0.52	-0.011	Normal	
20200924 14:12:58.414  	12.138	68.91	8.1	0.61	0.86	0.57	-0.012	Normal	
20200924 14:12:58.449  	12.141	68.91	8.1	0.61	0.86	0.58	-0.012	Normal	
20200924 14:12:58.485  	12.136	68.90	8.1	0.61	0.86	0.58	-0.012	Normal	
20200924 14:12:58.518  	12.158	68.96	8.1	0.61	0.85	0.58	-0.012	Normal	
20200924 14:12:58.550  	12.175	69.01	8.1	0.62	0.84	0.58	-0.012	Normal	
20200924 14:12:58.581  	12.193	69.06	8.1	0.62	0.83	0.58	-0.012	Normal	
20200924 14:12:58.614  	12.217	69.13	8.1	0.62	0.83	0.59	-0.012	Normal	
20200924 14:12:58.648  	12.213	69.12	8.1	0.62	0.83	0.59	-0.012	Normal	
20200924 14:12:58.681  	12.215	69.12	8.1	0.62	0.82	0.59	-0.012	Normal	
20200924 14:12:58.714  	12.229	69.16	8.1	0.62	0.82	0.59	-0.012	Normal	
20200924 14:13:02.380  	11.817	67.99	9.9	0.68	0.34	0.65	-0.012	Normal	
20200924 14:13:02.414  	11.847	68.07	9.9	0.68	0.35	0.65	-0.012	Normal	
20200924 14:13:02.449  	11.854	68.09	9.9	0.68	0.35	0.65	-0.012	Normal	
20200924 14:13:02.482  	11.886	68.18	9.9	0.68	0.36	0.65	-0.012	Normal	
20200924 14:13:02.514  	11.941	68.34	9.9	0.68	0.36	0.66	-0.012	Normal	
20200924 14:13:02.548  	11.942	68.35	9.9	0.68	0.36	0.66	-0.012	Normal	
20200924 14:13:02.581  	11.972	68.43	9.9	0.68	0.36	0.66	-0.012	Normal	
20200924 14:13:02.613  	12.001	68.51	10.0	0.68	0.36	0.66	-0.012	Normal	
20200924 14:13:02.646  	12.019	68.57	10.0	0.69	0.36	0.66	-0.012	Normal	
20200924 14:13:02.680  	12.060	68.68	10.0	0.69	0.36	0.66	-0.012	Normal	
20200924 14:13:08.967  	11.887	68.19	12.1	0.63	0.26	0.58	-0.013	Normal	
20200924 14:13:09.000  	11.894	68.21	12.1	0.63	0.26	0.58	-0.013	Normal	
20200924 14:13:09.036  	11.906	68.24	12.1	0.63	0.29	0.59	-0.013	Normal	
20200924 14:13:09.069  	11.919	68.28	12.1	0.63	0.30	0.59	-0.013	Normal	
20200924 14:13:09.102  	11.930	68.31	12.1	0.63	0.30	0.59	-0.013	Normal	
20200924 14:13:09.137  	11.947	68.36	12.1	0.63	0.30	0.59	-0.013	Normal	
20200924 14:13:09.170  	11.972	68.43	12.1	0.63	0.29	0.59	-0.013	Normal	
20200924 14:13:09.202  	11.966	68.41	12.1	0.64	0.30	0.60	-0.013	Normal	
20200924 14:13:09.235  	11.980	68.45	12.1	0.64	0.30	0.60	-0.013	Normal	
20200924 14:13:09.267  	12.009	68.54	12.1	0.64	0.30	0.60	-0.013	Normal	
20200924 14:13:14.382  	11.898	68.22	14.0	0.60	0.18	0.54	-0.011	Normal	
20200924 14:13:14.416  	11.895	68.21	14.0	0.60	0.18	0.54	-0.011	Normal	
20200924 14:13:14.451  	11.907	68.25	14.0	0.61	0.18	0.55	-0.012	Normal	
20200924 14:13:14.485  	11.920	68.28	14.0	0.61	0.18	0.55	-0.012	Normal	
20200924 14:13:14.518  	11.910	68.25	14.0	0.61	0.23	0.56	-0.012	Normal	
20200924 14:13:14.551  	11.915	68.27	14.0	0.61	0.24	0.56	-0.012	Normal	
20200924 14:13:14.583  	11.945	68.35	14.0	0.61	0.24	0.56	-0.012	Normal	
20200924 14:13:14.617  	11.924	68.29	14.0	0.62	0.24	0.56	-0.012	Normal	
20200924 14:13:14.651  	11.941	68.34	14.0	0.62	0.24	0.56	-0.013	Normal	
20200924 14:13:14.684  	11.955	68.38	14.0	0.62	0.24	0.56	-0.013	Normal	
20200924 14:13:19.281  	11.176	66.12	16.0	0.54	0.37	0.50	-0.012	Normal	
20200924 14:13:19.314  	11.159	66.07	16.0	0.53	0.37	0.48	-0.012	Normal	
20200924 14:13:19.347  	11.149	66.04	16.0	0.52	0.37	0.48	-0.012	Normal	
20200924 14:13:19.380  	11.161	66.07	16.0	0.52	0.37	0.48	-0.012	Normal	
20200924 14:13:19.413  	11.157	66.06	16.0	0.52	0.38	0.47	-0.012	Normal	
20200924 14:13:19.447  	11.155	66.06	16.0	0.52	0.38	0.47	-0.012	Normal	
20200924 14:13:19.480  	11.163	66.08	16.0	0.52	0.40	0.47	-0.012	Normal	
20200924 14:13:19.514  	11.180	66.13	16.0	0.51	0.42	0.45	-0.013	Normal	
20200924 14:13:19.548  	11.173	66.11	16.0	0.51	0.42	0.45	-0.013	Normal	
20200924 14:13:19.581  	11.186	66.15	16.0	0.51	0.40	0.45	-0.012	Normal	
20200924 14:13:24.029  	11.888	68.19	18.0	0.66	0.34	0.62	-0.013	Normal	
20200924 14:13:24.064  	11.873	68.15	18.0	0.65	0.34	0.61	-0.013	Normal	
20200924 14:13:24.099  	11.861	68.11	18.0	0.64	0.41	0.60	-0.013	Normal	
20200924 14:13:24.133  	11.834	68.04	18.0	0.64	0.43	0.60	-0.013	Normal	
20200924 14:13:24.165  	11.831	68.03	18.0	0.62	0.43	0.57	-0.013	Normal	
20200924 14:13:24.200  	11.805	67.95	18.0	0.61	0.45	0.57	-0.013	Normal	
20200924 14:13:24.234  	11.793	67.92	18.0	0.61	0.45	0.57	-0.013	Normal	
20200924 14:13:24.267  	11.779	67.88	18.0	0.61	0.45	0.57	-0.013	Normal	
20200924 14:13:24.301  	11.763	67.83	18.0	0.60	0.45	0.57	-0.013	Normal	
20200924 14:13:24.335  	11.785	67.89	18.0	0.58	0.45	0.55	-0.013	Normal	
