Date:	9/24/2020
Time:	2:33 PM
Summary Notes:	




Data Timestamp        	q	V_ref	Alpha	NF/SF	AF/AF2	PM/YM	P	Orientation	Notes 
[yyyymmdd hh:mm:ss.sss]	[psf]	[mph]	[deg]	[lbf]	[lbf]	[in-lbf]	[inH2O]		
20200924 14:33:11.655  	0.319	11.17	8.0	0.04	0.03	0.05	-0.068	Normal	
20200924 14:33:11.758  	0.319	11.17	8.0	0.04	0.03	0.05	-0.068	Normal	
20200924 14:33:11.857  	0.319	11.17	8.0	0.04	0.03	0.05	-0.068	Normal	
20200924 14:33:11.959  	0.320	11.19	8.0	0.04	0.03	0.05	-0.068	Normal	
20200924 14:33:12.060  	0.323	11.24	8.0	0.03	0.03	0.05	-0.068	Normal	
20200924 14:33:12.161  	0.331	11.37	8.0	0.03	0.03	0.05	-0.068	Normal	
20200924 14:33:12.260  	0.336	11.46	8.0	0.03	0.03	0.05	-0.067	Normal	
20200924 14:33:12.362  	0.344	11.60	8.0	0.03	0.03	0.05	-0.067	Normal	
20200924 14:33:12.461  	0.352	11.74	8.0	0.03	0.03	0.05	-0.067	Normal	
20200924 14:33:12.563  	0.358	11.84	8.0	0.03	0.03	0.04	-0.066	Normal	
20200924 14:33:12.663  	0.365	11.94	8.0	0.03	0.03	0.04	-0.066	Normal	
20200924 14:33:12.796  	0.367	11.99	8.0	0.03	0.03	0.04	-0.065	Normal	
20200924 14:33:12.898  	0.371	12.04	8.0	0.03	0.03	0.04	-0.065	Normal	
20200924 14:33:12.999  	0.373	12.08	8.0	0.03	0.03	0.04	-0.065	Normal	
20200924 14:33:13.099  	0.372	12.07	8.0	0.03	0.03	0.04	-0.065	Normal	
20200924 14:33:13.198  	0.372	12.07	8.0	0.03	0.03	0.04	-0.065	Normal	
20200924 14:33:13.329  	0.372	12.06	8.0	0.03	0.04	0.04	-0.065	Normal	
20200924 14:33:13.460  	0.368	11.99	8.0	0.03	0.04	0.04	-0.066	Normal	
20200924 14:33:13.590  	0.362	11.91	8.0	0.03	0.04	0.04	-0.066	Normal	
20200924 14:33:13.689  	0.359	11.85	8.0	0.03	0.04	0.04	-0.067	Normal	
20200924 14:33:13.790  	0.357	11.82	8.0	0.03	0.04	0.05	-0.067	Normal	
20200924 14:33:13.892  	0.358	11.83	8.0	0.03	0.04	0.05	-0.068	Normal	
20200924 14:33:13.991  	0.360	11.87	8.0	0.04	0.04	0.05	-0.068	Normal	
20200924 14:33:14.094  	0.372	12.06	8.0	0.04	0.04	0.05	-0.068	Normal	
20200924 14:33:14.226  	0.392	12.38	8.0	0.04	0.04	0.05	-0.068	Normal	
20200924 14:33:14.328  	0.412	12.70	8.0	0.04	0.04	0.05	-0.068	Normal	
20200924 14:33:14.428  	0.435	13.05	8.0	0.03	0.04	0.05	-0.068	Normal	
20200924 14:33:14.560  	0.467	13.51	8.0	0.03	0.04	0.05	-0.067	Normal	
20200924 14:33:14.660  	0.492	13.87	8.0	0.03	0.03	0.05	-0.067	Normal	
20200924 14:33:14.762  	0.518	14.24	8.0	0.03	0.03	0.05	-0.067	Normal	
20200924 14:33:14.860  	0.540	14.54	8.0	0.03	0.03	0.05	-0.067	Normal	
20200924 14:33:14.990  	0.566	14.88	8.0	0.03	0.03	0.05	-0.067	Normal	
20200924 14:33:15.091  	0.585	15.13	8.0	0.03	0.04	0.05	-0.067	Normal	
20200924 14:33:15.193  	0.604	15.37	8.0	0.03	0.04	0.05	-0.067	Normal	
20200924 14:33:15.326  	0.637	15.79	8.0	0.03	0.04	0.05	-0.067	Normal	
20200924 14:33:15.427  	0.660	16.07	8.0	0.04	0.05	0.05	-0.067	Normal	
20200924 14:33:15.529  	0.690	16.43	8.0	0.04	0.04	0.05	-0.067	Normal	
20200924 14:33:15.660  	0.736	16.97	8.0	0.04	0.04	0.05	-0.067	Normal	
20200924 14:33:15.760  	0.769	17.34	8.0	0.04	0.04	0.05	-0.067	Normal	
20200924 14:33:15.892  	0.807	17.76	8.0	0.03	0.04	0.04	-0.067	Normal	
20200924 14:33:16.022  	0.840	18.13	8.0	0.03	0.04	0.04	-0.067	Normal	
20200924 14:33:16.123  	0.864	18.38	8.0	0.04	0.04	0.05	-0.067	Normal	
20200924 14:33:16.222  	0.884	18.60	8.0	0.04	0.03	0.05	-0.068	Normal	
20200924 14:33:16.324  	0.909	18.86	8.0	0.04	0.03	0.05	-0.068	Normal	
20200924 14:33:16.456  	0.945	19.23	8.0	0.04	0.03	0.05	-0.068	Normal	
20200924 14:33:16.557  	0.979	19.56	8.0	0.04	0.03	0.05	-0.068	Normal	
20200924 14:33:16.656  	1.014	19.92	8.0	0.04	0.03	0.05	-0.068	Normal	
20200924 14:33:16.756  	1.057	20.34	8.0	0.04	0.03	0.05	-0.068	Normal	
20200924 14:33:16.888  	1.115	20.88	8.0	0.04	0.03	0.05	-0.068	Normal	
20200924 14:33:16.989  	1.149	21.20	8.0	0.04	0.03	0.05	-0.068	Normal	
20200924 14:33:17.090  	1.186	21.54	8.0	0.04	0.03	0.05	-0.068	Normal	
20200924 14:33:17.192  	1.227	21.91	8.0	0.04	0.03	0.05	-0.068	Normal	
20200924 14:33:17.292  	1.266	22.26	8.0	0.04	0.02	0.05	-0.068	Normal	
20200924 14:33:17.420  	1.306	22.61	8.0	0.04	0.02	0.05	-0.068	Normal	
20200924 14:33:17.521  	1.339	22.88	8.0	0.04	0.02	0.05	-0.068	Normal	
20200924 14:33:17.622  	1.379	23.22	8.0	0.04	0.02	0.05	-0.068	Normal	
20200924 14:33:17.722  	1.420	23.57	8.0	0.04	0.02	0.05	-0.068	Normal	
20200924 14:33:17.822  	1.462	23.91	8.0	0.04	0.02	0.05	-0.068	Normal	
20200924 14:33:17.923  	1.503	24.25	8.0	0.04	0.02	0.05	-0.068	Normal	
20200924 14:33:18.026  	1.550	24.63	8.0	0.04	0.02	0.05	-0.068	Normal	
20200924 14:33:18.158  	1.612	25.11	8.0	0.03	0.02	0.04	-0.068	Normal	
20200924 14:33:18.289  	1.670	25.56	8.0	0.04	0.02	0.04	-0.068	Normal	
20200924 14:33:18.422  	1.731	26.02	8.0	0.04	0.02	0.04	-0.068	Normal	
20200924 14:33:18.524  	1.779	26.38	8.0	0.04	0.02	0.05	-0.068	Normal	
20200924 14:33:18.622  	1.827	26.73	8.0	0.04	0.02	0.05	-0.068	Normal	
20200924 14:33:18.723  	1.867	27.02	8.0	0.04	0.01	0.05	-0.069	Normal	
20200924 14:33:18.823  	1.918	27.39	8.0	0.04	0.01	0.05	-0.069	Normal	
20200924 14:33:18.955  	1.984	27.85	8.0	0.04	0.01	0.05	-0.069	Normal	
20200924 14:33:19.055  	2.031	28.19	8.0	0.04	0.01	0.05	-0.069	Normal	
20200924 14:33:19.188  	2.091	28.60	8.0	0.04	0.01	0.05	-0.069	Normal	
20200924 14:33:19.288  	2.141	28.94	8.0	0.05	0.01	0.06	-0.069	Normal	
20200924 14:33:19.391  	2.189	29.26	8.0	0.05	0.00	0.06	-0.069	Normal	
20200924 14:33:19.525  	2.251	29.67	8.0	0.05	0.00	0.06	-0.069	Normal	
20200924 14:33:19.655  	2.317	30.10	8.0	0.05	0.00	0.06	-0.069	Normal	
20200924 14:33:19.755  	2.365	30.41	8.0	0.05	-0.00	0.06	-0.069	Normal	
20200924 14:33:19.855  	2.417	30.75	8.0	0.05	-0.00	0.06	-0.069	Normal	
20200924 14:33:19.955  	2.471	31.09	8.0	0.05	-0.00	0.06	-0.069	Normal	
20200924 14:33:20.055  	2.533	31.48	8.0	0.05	-0.00	0.06	-0.069	Normal	
20200924 14:33:20.156  	2.593	31.84	8.0	0.05	-0.01	0.06	-0.069	Normal	
20200924 14:33:20.255  	2.662	32.27	8.0	0.06	-0.01	0.06	-0.069	Normal	
20200924 14:33:20.355  	2.726	32.65	8.0	0.06	-0.01	0.07	-0.069	Normal	
20200924 14:33:20.457  	2.797	33.08	8.0	0.06	-0.01	0.07	-0.069	Normal	
20200924 14:33:20.588  	2.894	33.65	8.0	0.06	-0.01	0.07	-0.069	Normal	
20200924 14:33:20.689  	2.967	34.06	8.0	0.06	-0.02	0.07	-0.069	Normal	
20200924 14:33:20.822  	3.057	34.58	8.0	0.06	-0.02	0.07	-0.069	Normal	
20200924 14:33:20.922  	3.121	34.94	8.0	0.06	-0.02	0.07	-0.069	Normal	
20200924 14:33:21.024  	3.197	35.36	8.0	0.06	-0.02	0.07	-0.068	Normal	
20200924 14:33:21.155  	3.286	35.85	8.0	0.06	-0.02	0.07	-0.068	Normal	
20200924 14:33:21.256  	3.349	36.19	8.0	0.06	-0.02	0.07	-0.068	Normal	
20200924 14:33:21.355  	3.414	36.54	8.0	0.06	-0.02	0.07	-0.068	Normal	
20200924 14:33:21.455  	3.474	36.86	8.0	0.06	-0.03	0.07	-0.068	Normal	
20200924 14:33:21.555  	3.548	37.25	8.0	0.07	-0.03	0.07	-0.068	Normal	
20200924 14:33:21.655  	3.622	37.64	8.0	0.07	-0.03	0.07	-0.068	Normal	
20200924 14:33:21.755  	3.692	38.00	8.0	0.07	-0.03	0.07	-0.068	Normal	
20200924 14:33:21.885  	3.807	38.59	8.0	0.07	-0.04	0.07	-0.068	Normal	
20200924 14:33:21.986  	3.878	38.95	8.0	0.07	-0.04	0.07	-0.068	Normal	
20200924 14:33:22.088  	3.972	39.42	8.0	0.07	-0.04	0.07	-0.068	Normal	
20200924 14:33:22.188  	4.057	39.84	8.0	0.07	-0.04	0.07	-0.068	Normal	
20200924 14:33:22.290  	4.144	40.26	8.0	0.07	-0.05	0.07	-0.068	Normal	
20200924 14:33:22.422  	4.266	40.85	8.0	0.07	-0.05	0.08	-0.068	Normal	
20200924 14:33:22.522  	4.342	41.21	8.0	0.07	-0.05	0.08	-0.068	Normal	
20200924 14:33:22.622  	4.420	41.58	8.0	0.07	-0.06	0.08	-0.068	Normal	
20200924 14:33:22.723  	4.516	42.03	8.0	0.07	-0.06	0.08	-0.068	Normal	
20200924 14:33:22.824  	4.609	42.46	8.0	0.07	-0.06	0.08	-0.068	Normal	
20200924 14:33:22.923  	4.690	42.83	8.0	0.07	-0.06	0.08	-0.068	Normal	
20200924 14:33:23.057  	4.789	43.28	8.0	0.07	-0.07	0.08	-0.068	Normal	
20200924 14:33:23.160  	4.883	43.70	8.0	0.07	-0.07	0.08	-0.068	Normal	
20200924 14:33:23.290  	5.016	44.30	8.0	0.08	-0.07	0.08	-0.068	Normal	
20200924 14:33:23.423  	5.149	44.88	8.0	0.08	-0.08	0.08	-0.068	Normal	
20200924 14:33:23.555  	5.272	45.41	8.0	0.08	-0.09	0.08	-0.068	Normal	
20200924 14:33:23.657  	5.392	45.92	8.0	0.08	-0.09	0.08	-0.068	Normal	
20200924 14:33:23.756  	5.519	46.46	8.0	0.08	-0.09	0.08	-0.067	Normal	
20200924 14:33:23.858  	5.640	46.97	8.0	0.08	-0.09	0.08	-0.067	Normal	
20200924 14:33:23.958  	5.754	47.44	8.0	0.08	-0.09	0.08	-0.068	Normal	
20200924 14:33:24.091  	5.873	47.93	8.0	0.08	-0.10	0.09	-0.067	Normal	
20200924 14:33:24.223  	5.993	48.42	8.0	0.08	-0.10	0.09	-0.067	Normal	
20200924 14:33:24.324  	6.067	48.71	8.0	0.08	-0.10	0.09	-0.067	Normal	
20200924 14:33:24.424  	6.139	49.00	8.0	0.09	-0.10	0.09	-0.067	Normal	
20200924 14:33:24.555  	6.232	49.37	8.0	0.09	-0.11	0.09	-0.067	Normal	
20200924 14:33:24.654  	6.329	49.75	8.0	0.09	-0.11	0.09	-0.067	Normal	
20200924 14:33:24.788  	6.480	50.34	8.0	0.09	-0.11	0.09	-0.068	Normal	
20200924 14:33:24.888  	6.572	50.70	8.0	0.09	-0.12	0.09	-0.068	Normal	
20200924 14:33:24.990  	6.680	51.12	8.0	0.09	-0.12	0.09	-0.068	Normal	
20200924 14:33:25.121  	6.806	51.59	8.0	0.09	-0.13	0.10	-0.068	Normal	
20200924 14:33:25.222  	6.938	52.09	8.0	0.09	-0.13	0.10	-0.068	Normal	
20200924 14:33:25.355  	7.086	52.65	8.0	0.09	-0.13	0.10	-0.068	Normal	
20200924 14:33:25.456  	7.190	53.03	8.0	0.10	-0.14	0.10	-0.068	Normal	
20200924 14:33:25.588  	7.341	53.58	8.0	0.10	-0.14	0.10	-0.068	Normal	
20200924 14:33:25.687  	7.456	54.00	8.0	0.10	-0.14	0.10	-0.068	Normal	
20200924 14:33:25.788  	7.580	54.45	8.0	0.10	-0.14	0.10	-0.068	Normal	
20200924 14:33:25.889  	7.661	54.74	8.0	0.10	-0.15	0.10	-0.068	Normal	
20200924 14:33:25.988  	7.763	55.10	8.0	0.11	-0.15	0.10	-0.068	Normal	
20200924 14:33:26.091  	7.895	55.57	8.0	0.11	-0.15	0.11	-0.068	Normal	
20200924 14:33:26.191  	8.023	56.02	8.0	0.11	-0.15	0.11	-0.068	Normal	
20200924 14:33:26.322  	8.215	56.68	8.0	0.11	-0.16	0.11	-0.068	Normal	
20200924 14:33:26.453  	8.384	57.27	8.0	0.12	-0.17	0.11	-0.068	Normal	
20200924 14:33:26.555  	8.530	57.76	8.0	0.12	-0.17	0.11	-0.068	Normal	
20200924 14:33:26.688  	8.685	58.29	8.0	0.12	-0.17	0.12	-0.068	Normal	
20200924 14:33:26.788  	8.784	58.62	8.0	0.12	-0.18	0.12	-0.068	Normal	
20200924 14:33:26.890  	8.873	58.91	8.0	0.13	-0.18	0.12	-0.068	Normal	
20200924 14:33:26.991  	8.974	59.25	8.0	0.13	-0.18	0.12	-0.068	Normal	
20200924 14:33:27.123  	9.116	59.71	8.0	0.13	-0.19	0.13	-0.068	Normal	
20200924 14:33:27.221  	9.219	60.05	8.0	0.13	-0.19	0.13	-0.068	Normal	
20200924 14:33:27.322  	9.324	60.39	8.0	0.14	-0.19	0.13	-0.068	Normal	
20200924 14:33:27.421  	9.449	60.79	8.0	0.14	-0.19	0.14	-0.068	Normal	
20200924 14:33:27.523  	9.620	61.34	8.0	0.15	-0.19	0.14	-0.069	Normal	
20200924 14:33:27.624  	9.766	61.81	8.0	0.15	-0.19	0.15	-0.069	Normal	
20200924 14:33:27.725  	9.904	62.24	8.0	0.16	-0.20	0.15	-0.068	Normal	
20200924 14:33:27.827  	10.057	62.72	8.0	0.16	-0.20	0.16	-0.068	Normal	
20200924 14:33:27.927  	10.212	63.20	8.0	0.16	-0.20	0.16	-0.067	Normal	
20200924 14:33:28.028  	10.377	63.71	8.0	0.17	-0.20	0.16	-0.067	Normal	
20200924 14:33:28.158  	10.537	64.20	8.0	0.17	-0.20	0.17	-0.067	Normal	
20200924 14:33:28.257  	10.655	64.56	8.0	0.17	-0.22	0.17	-0.067	Normal	
20200924 14:33:28.388  	10.799	64.99	8.0	0.18	-0.21	0.18	-0.067	Normal	
20200924 14:33:28.521  	10.922	65.36	8.0	0.19	-0.22	0.19	-0.068	Normal	
20200924 14:33:28.621  	11.002	65.60	8.0	0.19	-0.23	0.20	-0.068	Normal	
20200924 14:33:28.722  	11.070	65.80	8.0	0.20	-0.23	0.20	-0.068	Normal	
20200924 14:33:28.824  	11.136	66.00	8.0	0.20	-0.23	0.20	-0.069	Normal	
20200924 14:33:28.956  	11.221	66.25	8.0	0.21	-0.23	0.21	-0.069	Normal	
20200924 14:33:29.087  	11.281	66.43	8.0	0.21	-0.23	0.22	-0.069	Normal	
20200924 14:33:29.187  	11.363	66.67	8.0	0.22	-0.23	0.22	-0.069	Normal	
20200924 14:33:29.288  	11.445	66.91	8.0	0.22	-0.23	0.22	-0.069	Normal	
20200924 14:33:29.421  	11.571	67.28	8.0	0.22	-0.24	0.22	-0.069	Normal	
20200924 14:33:29.521  	11.680	67.59	8.0	0.22	-0.24	0.23	-0.069	Normal	
20200924 14:33:29.621  	11.813	67.97	8.0	0.23	-0.24	0.23	-0.069	Normal	
20200924 14:33:29.722  	11.957	68.39	8.0	0.25	-0.23	0.25	-0.069	Normal	
20200924 14:33:29.824  	12.064	68.69	8.0	0.25	-0.24	0.25	-0.069	Normal	
20200924 14:33:29.955  	12.243	69.20	8.0	0.25	-0.24	0.26	-0.069	Normal	
20200924 14:33:30.055  	12.346	69.49	8.0	0.25	-0.25	0.26	-0.069	Normal	
20200924 14:33:30.154  	12.481	69.87	8.0	0.25	-0.25	0.26	-0.070	Normal	
20200924 14:33:30.255  	12.559	70.09	8.0	0.26	-0.26	0.26	-0.069	Normal	
20200924 14:33:30.354  	12.632	70.29	8.0	0.27	-0.26	0.28	-0.069	Normal	
20200924 14:33:30.457  	12.720	70.54	8.0	0.27	-0.26	0.28	-0.069	Normal	
20200924 14:33:30.558  	12.811	70.79	8.0	0.27	-0.28	0.28	-0.069	Normal	
20200924 14:33:30.658  	12.852	70.90	8.0	0.27	-0.28	0.28	-0.069	Normal	
20200924 14:33:30.759  	12.927	71.11	8.0	0.27	-0.29	0.28	-0.068	Normal	
20200924 14:33:30.858  	12.984	71.27	8.0	0.27	-0.28	0.28	-0.068	Normal	
20200924 14:33:30.990  	13.005	71.32	8.0	0.27	-0.29	0.28	-0.068	Normal	
20200924 14:33:31.092  	13.037	71.41	8.0	0.27	-0.29	0.27	-0.068	Normal	
20200924 14:33:31.193  	13.058	71.47	8.0	0.27	-0.29	0.27	-0.068	Normal	
20200924 14:33:31.292  	13.085	71.54	8.0	0.27	-0.30	0.27	-0.067	Normal	
20200924 14:33:31.393  	13.090	71.56	8.0	0.27	-0.29	0.27	-0.067	Normal	
20200924 14:33:31.494  	13.095	71.57	8.0	0.27	-0.29	0.27	-0.067	Normal	
20200924 14:33:31.627  	13.118	71.63	8.0	0.27	-0.28	0.28	-0.067	Normal	
20200924 14:33:31.726  	13.123	71.65	8.0	0.28	-0.28	0.28	-0.067	Normal	
20200924 14:33:31.828  	13.135	71.68	8.0	0.27	-0.29	0.28	-0.066	Normal	
20200924 14:33:31.931  	13.122	71.64	8.0	0.28	-0.29	0.28	-0.066	Normal	
20200924 14:33:32.062  	13.096	71.57	8.0	0.27	-0.30	0.27	-0.066	Normal	
20200924 14:33:32.162  	13.055	71.46	8.0	0.26	-0.31	0.27	-0.066	Normal	
20200924 14:33:32.261  	13.033	71.40	8.0	0.26	-0.32	0.26	-0.066	Normal	
