Date:	9/24/2020
Time:	2:28 PM
Summary Notes:	




Data Timestamp        	q	V_ref	Alpha	NF/SF	AF/AF2	PM/YM	P	Orientation	Notes 
[yyyymmdd hh:mm:ss.sss]	[psf]	[mph]	[deg]	[lbf]	[lbf]	[in-lbf]	[inH2O]		
20200924 14:27:46.013  	15.888	78.83	-4.0	0.04	0.06	0.04	-0.053	Normal	
20200924 14:27:46.115  	15.906	78.88	-4.0	0.04	0.03	0.04	-0.053	Normal	
20200924 14:27:46.245  	16.000	79.11	-4.0	0.04	0.05	0.05	-0.053	Normal	
20200924 14:27:46.376  	16.141	79.46	-4.0	0.04	0.02	0.04	-0.053	Normal	
20200924 14:27:46.507  	16.260	79.75	-3.7	0.04	0.03	0.04	-0.053	Normal	
20200924 14:27:46.609  	16.422	80.15	-3.5	0.04	0.03	0.04	-0.053	Normal	
20200924 14:27:46.709  	16.582	80.54	-3.3	0.04	0.04	0.04	-0.052	Normal	
20200924 14:27:46.841  	16.714	80.85	-3.3	0.04	0.14	0.04	-0.052	Normal	
20200924 14:27:46.941  	16.750	80.94	-3.3	0.04	0.22	0.04	-0.052	Normal	
20200924 14:27:47.043  	16.788	81.03	-3.2	0.04	0.28	0.04	-0.052	Normal	
20200924 14:27:47.175  	16.858	81.20	-3.3	0.04	0.30	0.04	-0.052	Normal	
20200924 14:27:47.276  	16.866	81.22	-3.0	0.04	0.32	0.04	-0.052	Normal	
20200924 14:27:47.376  	16.891	81.28	-2.8	0.04	0.33	0.04	-0.052	Normal	
20200924 14:27:47.507  	16.860	81.21	-2.5	0.04	0.38	0.04	-0.052	Normal	
20200924 14:27:47.607  	16.848	81.18	-2.4	0.04	0.41	0.04	-0.052	Normal	
20200924 14:27:47.708  	16.799	81.06	-2.4	0.04	0.41	0.04	-0.053	Normal	
20200924 14:27:47.807  	16.744	80.93	-2.4	0.04	0.41	0.04	-0.053	Normal	
20200924 14:27:47.941  	16.629	80.65	-2.4	0.04	0.27	0.04	-0.053	Normal	
20200924 14:27:48.041  	16.582	80.54	-2.4	0.04	0.26	0.04	-0.053	Normal	
20200924 14:27:48.142  	16.564	80.49	-2.1	0.04	0.26	0.04	-0.053	Normal	
20200924 14:27:48.242  	16.535	80.42	-2.0	0.04	0.25	0.04	-0.053	Normal	
20200924 14:27:48.344  	16.542	80.44	-1.8	0.04	0.25	0.04	-0.053	Normal	
20200924 14:27:48.446  	16.545	80.45	-1.6	0.04	0.26	0.05	-0.053	Normal	
20200924 14:27:48.576  	16.549	80.46	-1.6	0.05	0.29	0.06	-0.053	Normal	
20200924 14:27:48.674  	16.528	80.40	-1.6	0.05	0.37	0.06	-0.053	Normal	
20200924 14:27:48.775  	16.517	80.38	-1.6	0.05	0.39	0.06	-0.053	Normal	
20200924 14:27:48.876  	16.509	80.36	-1.6	0.05	0.40	0.06	-0.053	Normal	
20200924 14:27:49.007  	16.517	80.38	-1.6	0.05	0.40	0.05	-0.054	Normal	
20200924 14:27:49.108  	16.546	80.45	-1.3	0.05	0.43	0.05	-0.053	Normal	
20200924 14:27:49.240  	16.539	80.43	-0.9	0.06	0.43	0.06	-0.053	Normal	
20200924 14:27:49.341  	16.538	80.43	-0.9	0.06	0.40	0.06	-0.053	Normal	
20200924 14:27:49.441  	16.508	80.36	-0.9	0.07	0.40	0.07	-0.053	Normal	
20200924 14:27:49.541  	16.508	80.36	-0.9	0.07	0.39	0.07	-0.053	Normal	
20200924 14:27:49.642  	16.457	80.23	-0.9	0.08	0.38	0.08	-0.053	Normal	
20200924 14:27:49.742  	16.428	80.16	-0.9	0.08	0.35	0.07	-0.052	Normal	
20200924 14:27:49.843  	16.487	80.31	-0.7	0.08	0.35	0.07	-0.052	Normal	
20200924 14:27:49.944  	16.478	80.28	-0.4	0.08	0.38	0.08	-0.052	Normal	
20200924 14:27:50.044  	16.495	80.32	-0.1	0.08	0.38	0.07	-0.053	Normal	
20200924 14:27:50.143  	16.517	80.38	-0.1	0.08	0.34	0.07	-0.053	Normal	
20200924 14:27:50.246  	16.502	80.34	-0.1	0.08	0.28	0.07	-0.053	Normal	
20200924 14:27:50.376  	16.528	80.40	-0.1	0.07	0.26	0.07	-0.054	Normal	
20200924 14:27:50.509  	16.507	80.35	-0.0	0.06	0.26	0.06	-0.054	Normal	
20200924 14:27:50.639  	16.521	80.39	0.1	0.06	0.24	0.05	-0.054	Normal	
20200924 14:27:50.740  	16.497	80.33	0.4	0.06	0.25	0.05	-0.054	Normal	
20200924 14:27:50.841  	16.490	80.31	0.7	0.06	0.25	0.05	-0.054	Normal	
20200924 14:27:50.941  	16.527	80.40	1.0	0.06	0.26	0.05	-0.054	Normal	
20200924 14:27:51.042  	16.590	80.55	1.0	0.06	0.31	0.05	-0.053	Normal	
20200924 14:27:51.141  	16.616	80.62	1.0	0.06	0.31	0.05	-0.053	Normal	
20200924 14:27:51.241  	16.691	80.80	1.0	0.06	0.31	0.04	-0.053	Normal	
20200924 14:27:51.341  	16.775	81.00	1.0	0.06	0.31	0.04	-0.053	Normal	
20200924 14:27:51.443  	16.859	81.21	1.2	0.05	0.30	0.04	-0.053	Normal	
20200924 14:27:51.575  	16.904	81.31	1.7	0.06	0.30	0.04	-0.053	Normal	
20200924 14:27:51.677  	16.830	81.14	2.1	0.06	0.31	0.04	-0.053	Normal	
20200924 14:27:51.776  	16.762	80.97	2.4	0.06	0.36	0.04	-0.053	Normal	
20200924 14:27:51.876  	16.636	80.67	2.4	0.06	0.36	0.04	-0.053	Normal	
20200924 14:27:51.975  	16.489	80.31	2.4	0.06	0.36	0.03	-0.053	Normal	
20200924 14:27:52.108  	16.294	79.83	2.4	0.05	0.34	0.02	-0.053	Normal	
20200924 14:27:52.241  	16.194	79.59	2.4	0.04	0.34	0.01	-0.054	Normal	
20200924 14:27:52.341  	16.185	79.57	2.4	0.04	0.33	0.01	-0.053	Normal	
20200924 14:27:52.442  	16.157	79.50	2.7	0.04	0.33	0.02	-0.053	Normal	
20200924 14:27:52.540  	16.183	79.56	2.9	0.05	0.34	0.03	-0.053	Normal	
20200924 14:27:52.673  	16.291	79.83	3.0	0.06	0.38	0.04	-0.054	Normal	
20200924 14:27:52.807  	16.393	80.08	3.0	0.06	0.38	0.04	-0.054	Normal	
20200924 14:27:52.909  	16.449	80.21	3.0	0.07	0.37	0.04	-0.054	Normal	
20200924 14:27:53.040  	16.546	80.45	3.0	0.07	0.36	0.04	-0.054	Normal	
20200924 14:27:53.140  	16.595	80.57	3.1	0.07	0.34	0.04	-0.054	Normal	
20200924 14:27:53.242  	16.625	80.64	3.3	0.07	0.34	0.04	-0.054	Normal	
20200924 14:27:53.344  	16.611	80.61	3.5	0.07	0.35	0.04	-0.053	Normal	
20200924 14:27:53.475  	16.569	80.50	3.8	0.08	0.36	0.05	-0.053	Normal	
20200924 14:27:53.575  	16.553	80.47	3.8	0.09	0.37	0.05	-0.053	Normal	
20200924 14:27:53.674  	16.516	80.38	3.8	0.09	0.36	0.06	-0.053	Normal	
20200924 14:27:53.807  	16.511	80.36	3.8	0.09	0.33	0.06	-0.053	Normal	
20200924 14:27:53.910  	16.479	80.29	4.0	0.09	0.33	0.06	-0.053	Normal	
20200924 14:27:54.011  	16.411	80.12	4.2	0.10	0.32	0.06	-0.053	Normal	
20200924 14:27:54.142  	16.345	79.96	4.4	0.11	0.32	0.08	-0.053	Normal	
20200924 14:27:54.241  	16.277	79.79	4.7	0.12	0.33	0.08	-0.053	Normal	
20200924 14:27:54.342  	16.273	79.78	4.9	0.13	0.32	0.09	-0.053	Normal	
20200924 14:27:54.443  	16.258	79.74	4.9	0.13	0.31	0.10	-0.053	Normal	
20200924 14:27:54.573  	16.269	79.77	4.9	0.15	0.25	0.11	-0.053	Normal	
20200924 14:27:54.674  	16.301	79.85	4.9	0.15	0.23	0.11	-0.053	Normal	
20200924 14:27:54.774  	16.354	79.98	4.9	0.15	0.20	0.11	-0.053	Normal	
20200924 14:27:54.875  	16.351	79.97	5.0	0.15	0.20	0.11	-0.053	Normal	
20200924 14:27:55.007  	16.353	79.98	5.5	0.15	0.20	0.12	-0.053	Normal	
20200924 14:27:55.109  	16.343	79.95	5.7	0.15	0.20	0.12	-0.054	Normal	
20200924 14:27:55.240  	16.381	80.05	6.0	0.20	0.19	0.17	-0.054	Normal	
20200924 14:27:55.340  	16.408	80.11	6.0	0.21	0.19	0.18	-0.054	Normal	
20200924 14:27:55.441  	16.392	80.07	6.1	0.21	0.18	0.18	-0.054	Normal	
20200924 14:27:55.573  	16.392	80.07	6.1	0.22	0.14	0.18	-0.054	Normal	
20200924 14:27:55.707  	16.342	79.95	6.1	0.20	0.12	0.17	-0.054	Normal	
20200924 14:27:55.807  	16.229	79.67	6.3	0.20	0.10	0.17	-0.054	Normal	
20200924 14:27:55.936  	16.103	79.37	6.6	0.20	0.10	0.17	-0.054	Normal	
20200924 14:27:56.066  	15.946	78.98	6.9	0.20	0.10	0.18	-0.055	Normal	
20200924 14:27:56.196  	15.843	78.72	7.1	0.24	0.10	0.22	-0.055	Normal	
20200924 14:27:56.327  	15.807	78.63	7.1	0.25	0.10	0.22	-0.055	Normal	
20200924 14:27:56.459  	15.769	78.54	7.1	0.25	0.04	0.23	-0.055	Normal	
20200924 14:27:56.591  	15.779	78.56	7.1	0.27	0.02	0.24	-0.054	Normal	
20200924 14:27:56.692  	15.827	78.68	7.3	0.26	0.02	0.23	-0.054	Normal	
20200924 14:27:56.792  	15.893	78.85	7.8	0.27	0.02	0.24	-0.053	Normal	
20200924 14:27:56.891  	15.927	78.93	8.0	0.29	0.02	0.27	-0.053	Normal	
20200924 14:27:56.992  	15.958	79.01	8.2	0.30	0.01	0.29	-0.054	Normal	
20200924 14:27:57.123  	15.980	79.06	8.2	0.34	-0.05	0.32	-0.054	Normal	
20200924 14:27:57.225  	15.962	79.02	8.2	0.34	-0.11	0.32	-0.054	Normal	
20200924 14:27:57.323  	15.952	78.99	8.2	0.34	-0.12	0.32	-0.054	Normal	
20200924 14:27:57.423  	15.983	79.07	8.2	0.34	-0.13	0.33	-0.054	Normal	
20200924 14:27:57.524  	15.992	79.09	8.3	0.34	-0.14	0.33	-0.054	Normal	
20200924 14:27:57.624  	15.994	79.10	8.6	0.35	-0.14	0.33	-0.055	Normal	
20200924 14:27:57.724  	16.012	79.14	8.9	0.35	-0.15	0.33	-0.055	Normal	
20200924 14:27:57.825  	16.029	79.18	9.1	0.37	-0.15	0.35	-0.055	Normal	
20200924 14:27:57.958  	16.011	79.14	9.2	0.38	-0.16	0.38	-0.054	Normal	
20200924 14:27:58.058  	15.961	79.01	9.3	0.40	-0.23	0.38	-0.054	Normal	
20200924 14:27:58.158  	15.883	78.82	9.3	0.40	-0.24	0.39	-0.054	Normal	
20200924 14:27:58.260  	15.847	78.73	9.3	0.40	-0.26	0.39	-0.054	Normal	
20200924 14:27:58.359  	15.835	78.70	9.3	0.41	-0.26	0.40	-0.054	Normal	
20200924 14:27:58.462  	15.809	78.64	9.6	0.41	-0.26	0.40	-0.054	Normal	
20200924 14:27:58.595  	15.780	78.56	10.2	0.42	-0.28	0.41	-0.054	Normal	
20200924 14:27:58.726  	15.727	78.43	10.3	0.43	-0.29	0.43	-0.054	Normal	
20200924 14:27:58.828  	15.683	78.32	10.3	0.44	-0.33	0.44	-0.054	Normal	
20200924 14:27:58.928  	15.637	78.21	10.3	0.44	-0.35	0.44	-0.054	Normal	
20200924 14:27:59.031  	15.568	78.03	10.3	0.45	-0.37	0.45	-0.054	Normal	
20200924 14:27:59.133  	15.515	77.90	10.3	0.44	-0.38	0.44	-0.054	Normal	
20200924 14:27:59.234  	15.473	77.80	10.6	0.45	-0.38	0.45	-0.055	Normal	
20200924 14:27:59.334  	15.483	77.82	10.9	0.46	-0.37	0.45	-0.055	Normal	
20200924 14:27:59.465  	15.495	77.85	11.5	0.47	-0.38	0.47	-0.056	Normal	
20200924 14:27:59.595  	15.600	78.12	11.4	0.49	-0.39	0.50	-0.056	Normal	
20200924 14:27:59.727  	15.670	78.29	11.5	0.51	-0.43	0.52	-0.055	Normal	
20200924 14:27:59.857  	15.705	78.38	11.5	0.52	-0.46	0.53	-0.055	Normal	
20200924 14:27:59.959  	15.693	78.35	11.5	0.52	-0.48	0.53	-0.055	Normal	
20200924 14:28:00.058  	15.721	78.42	11.7	0.51	-0.50	0.51	-0.054	Normal	
20200924 14:28:00.159  	15.693	78.35	11.9	0.51	-0.51	0.51	-0.054	Normal	
20200924 14:28:00.259  	15.643	78.22	12.2	0.51	-0.51	0.51	-0.054	Normal	
20200924 14:28:00.361  	15.629	78.19	12.4	0.53	-0.51	0.53	-0.054	Normal	
20200924 14:28:00.491  	15.548	77.98	12.4	0.53	-0.52	0.54	-0.054	Normal	
20200924 14:28:00.592  	15.506	77.88	12.4	0.54	-0.55	0.54	-0.054	Normal	
20200924 14:28:00.725  	15.447	77.73	12.4	0.54	-0.56	0.54	-0.054	Normal	
20200924 14:28:00.826  	15.426	77.68	12.4	0.53	-0.59	0.54	-0.054	Normal	
20200924 14:28:00.958  	15.351	77.49	13.0	0.54	-0.59	0.54	-0.054	Normal	
20200924 14:28:01.060  	15.312	77.39	13.2	0.55	-0.59	0.54	-0.054	Normal	
20200924 14:28:01.160  	15.325	77.42	13.5	0.55	-0.56	0.56	-0.054	Normal	
20200924 14:28:01.292  	15.372	77.54	13.8	0.57	-0.54	0.58	-0.054	Normal	
20200924 14:28:01.392  	15.369	77.53	13.8	0.58	-0.56	0.58	-0.054	Normal	
20200924 14:28:01.494  	15.362	77.52	13.8	0.58	-0.59	0.59	-0.054	Normal	
20200924 14:28:01.593  	15.420	77.66	13.8	0.58	-0.63	0.59	-0.054	Normal	
20200924 14:28:01.726  	15.513	77.90	13.9	0.60	-0.66	0.61	-0.054	Normal	
20200924 14:28:01.857  	15.513	77.90	14.5	0.60	-0.67	0.61	-0.054	Normal	
20200924 14:28:01.990  	15.447	77.73	14.7	0.58	-0.71	0.58	-0.054	Normal	
20200924 14:28:02.091  	15.453	77.74	14.7	0.56	-0.75	0.54	-0.054	Normal	
20200924 14:28:02.191  	15.424	77.67	14.8	0.52	-0.81	0.52	-0.054	Normal	
20200924 14:28:02.291  	15.345	77.47	14.7	0.45	-0.90	0.44	-0.054	Normal	
20200924 14:28:02.391  	15.187	77.07	14.8	0.37	-0.92	0.34	-0.055	Normal	
20200924 14:28:02.522  	15.055	76.74	14.8	0.36	-0.94	0.33	-0.055	Normal	
20200924 14:28:02.622  	15.044	76.71	14.9	0.36	-0.95	0.34	-0.055	Normal	
20200924 14:28:02.724  	15.043	76.71	15.1	0.38	-0.95	0.34	-0.055	Normal	
20200924 14:28:02.824  	14.968	76.52	15.4	0.39	-0.99	0.36	-0.055	Normal	
20200924 14:28:02.926  	14.965	76.51	15.5	0.38	-0.95	0.36	-0.055	Normal	
20200924 14:28:03.028  	14.963	76.50	15.7	0.38	-0.96	0.36	-0.055	Normal	
20200924 14:28:03.161  	14.994	76.58	15.7	0.37	-0.97	0.33	-0.054	Normal	
20200924 14:28:03.292  	14.878	76.29	15.7	0.33	-0.97	0.29	-0.054	Normal	
20200924 14:28:03.391  	14.689	75.80	15.7	0.28	-0.97	0.27	-0.054	Normal	
20200924 14:28:03.523  	14.475	75.24	15.7	0.28	-0.95	0.26	-0.054	Normal	
20200924 14:28:03.655  	14.231	74.61	15.9	0.27	-0.93	0.26	-0.055	Normal	
20200924 14:28:03.757  	14.027	74.07	16.0	0.28	-0.93	0.26	-0.055	Normal	
20200924 14:28:03.857  	13.900	73.74	16.2	0.27	-0.91	0.25	-0.055	Normal	
20200924 14:28:03.990  	13.854	73.61	16.3	0.27	-0.91	0.25	-0.056	Normal	
20200924 14:28:04.091  	13.907	73.75	16.3	0.27	-0.90	0.26	-0.056	Normal	
20200924 14:28:04.224  	13.913	73.77	16.3	0.31	-0.90	0.29	-0.056	Normal	
20200924 14:28:04.324  	13.972	73.93	16.3	0.32	-0.90	0.32	-0.056	Normal	
20200924 14:28:04.457  	14.141	74.37	16.5	0.34	-0.88	0.35	-0.055	Normal	
20200924 14:28:04.558  	14.258	74.68	16.6	0.36	-0.88	0.36	-0.055	Normal	
20200924 14:28:04.690  	14.421	75.11	16.9	0.37	-0.90	0.38	-0.056	Normal	
20200924 14:28:04.793  	14.466	75.22	17.0	0.37	-0.92	0.38	-0.056	Normal	
20200924 14:28:04.892  	14.575	75.50	17.1	0.39	-0.94	0.38	-0.056	Normal	
20200924 14:28:05.024  	14.645	75.69	17.1	0.39	-0.96	0.38	-0.056	Normal	
20200924 14:28:05.124  	14.672	75.76	17.1	0.39	-0.96	0.40	-0.056	Normal	
20200924 14:28:05.223  	14.662	75.73	17.1	0.39	-0.96	0.43	-0.056	Normal	
20200924 14:28:05.326  	14.677	75.77	17.1	0.35	-0.94	0.37	-0.056	Normal	
20200924 14:28:05.427  	14.670	75.75	17.1	0.40	-0.91	0.40	-0.056	Normal	
20200924 14:28:05.559  	14.712	75.86	17.3	0.43	-0.91	0.43	-0.056	Normal	
20200924 14:28:05.660  	14.779	76.03	17.4	0.44	-0.93	0.43	-0.056	Normal	
20200924 14:28:05.760  	14.890	76.32	17.4	0.43	-0.97	0.46	-0.056	Normal	
20200924 14:28:05.891  	14.923	76.40	17.5	0.45	-0.97	0.46	-0.055	Normal	
20200924 14:28:05.991  	14.982	76.55	17.5	0.44	-0.97	0.46	-0.055	Normal	
20200924 14:28:06.092  	15.117	76.90	17.6	0.42	-0.96	0.40	-0.056	Normal	
20200924 14:28:06.191  	15.162	77.01	17.7	0.42	-0.96	0.40	-0.056	Normal	
20200924 14:28:06.292  	15.188	77.08	17.7	0.44	-0.94	0.43	-0.056	Normal	
20200924 14:28:06.393  	15.220	77.16	18.0	0.44	-0.96	0.46	-0.055	Normal	
20200924 14:28:06.495  	15.287	77.33	18.0	0.50	-0.97	0.54	-0.055	Normal	
20200924 14:28:06.626  	15.366	77.53	18.0	0.54	-0.97	0.60	-0.055	Normal	
20200924 14:28:06.725  	15.368	77.53	18.0	0.55	-0.96	0.60	-0.055	Normal	
20200924 14:28:06.827  	15.345	77.47	18.0	0.57	-0.96	0.61	-0.055	Normal	
20200924 14:28:06.960  	15.407	77.63	18.0	0.58	-0.97	0.63	-0.054	Normal	
20200924 14:28:07.090  	15.434	77.70	18.0	0.58	-0.96	0.61	-0.055	Normal	
20200924 14:28:07.190  	15.461	77.77	18.0	0.59	-0.95	0.61	-0.055	Normal	
20200924 14:28:07.291  	15.487	77.83	18.0	0.60	-0.95	0.64	-0.055	Normal	
20200924 14:28:07.394  	15.544	77.97	18.0	0.59	-0.96	0.61	-0.055	Normal	
20200924 14:28:07.493  	15.576	78.05	18.0	0.60	-0.96	0.64	-0.055	Normal	
20200924 14:28:07.625  	15.658	78.26	18.0	0.60	-0.98	0.65	-0.055	Normal	
20200924 14:28:07.724  	15.696	78.35	18.0	0.61	-0.99	0.67	-0.055	Normal	
20200924 14:28:07.826  	15.723	78.42	18.0	0.63	-0.99	0.67	-0.055	Normal	
20200924 14:28:07.928  	15.759	78.51	18.0	0.63	-0.95	0.67	-0.054	Normal	
20200924 14:28:08.029  	15.795	78.60	18.0	0.57	-0.96	0.62	-0.054	Normal	
20200924 14:28:08.130  	15.805	78.63	18.0	0.55	-0.96	0.59	-0.054	Normal	
